x1,x2,x3,y1,y2,y3,A
1.6177752329588984,1.135854912986125,2.7369253890063856,1.9755274190395544,2.4355242729573376,3.2785249785280977,14.935439793914124
4.915052977447413,4.185714092261919,2.298912514947918,3.560634886843331,2.9071638235630317,3.4617151403302366,37.62744594627414
3.655799049457341,2.539653151512579,2.7330877889348675,3.906971670378878,1.3699643902775098,4.969586015344514,31.344652554655728
1.321254656948096,4.43630168378363,3.1817796865660117,2.9543059881999607,2.2773404665040253,3.9202119523659884,26.47961064813064
2.1416727330457066,3.999240445289213,4.540415734880941,3.252277246300461,2.6014164402777653,1.4929924161177532,24.14780959990477
2.0292905579779634,1.3833777709332011,2.8600923085723444,2.5855220277294566,4.800508100874124,2.3984463278301833,18.74746952900013
4.654694652298558,3.1734792116012613,4.872654753908385,1.7671013708285517,4.5962148173489235,3.19207775045884,38.36520230139405
1.0209517870258955,3.944538937799104,1.6854668399517814,1.1251745611429995,4.202331926962943,1.8512250127325176,20.84518926662666
2.095573266185321,4.299309169574991,4.099006102097157,2.888814145751645,3.955652142572288,4.2188034172828335,40.3531941740158
3.4803832118001807,1.2627331203910406,1.74213622556631,3.6136285209090135,3.8121825195589634,3.765666169676172,23.95088461385931
1.003809906248371,4.945821254542434,3.7921658265873237,3.259581515053212,2.9664774437623453,2.1836542253052897,26.224446337800735
3.858234511386335,4.381990802823728,4.3433378782093515,4.849928265339138,2.121041102511371,2.9746628110583004,40.926508876865675
3.67734489634822,4.2710781312294195,4.468071581453112,3.215044567506676,4.422906432617665,1.4373829308475616,37.13573649766576
2.6656518998551517,4.663290687622841,3.3032209713236984,4.478564377499018,4.27542000419665,2.68566869391504,40.74717708451819
3.8929103915652616,3.5644596314146986,2.2271801876306885,1.9765488820788992,3.1343597368865006,1.3387442334681738,21.848451068030325
1.2927506778556237,1.0398761081825179,4.587260388715311,1.1775332290504852,1.9149700046179972,4.952882650219873,26.23375082704989
3.2065601905219783,1.0629182979488403,1.4699799881575628,4.63432431569519,4.157878670555643,3.468276584460212,24.378022352812966
3.05472441694134,4.747503062182603,4.184158845672369,1.6058899054233655,3.4223063815942383,4.83678123086017,41.39082210304775
3.044175368665496,1.9600231766774996,2.757251978493517,2.799947688930157,2.9565333656236867,1.8173167650971416,19.32920595354935
2.3573727343792217,1.9900596131318717,2.752566970798991,1.7583448009396843,3.9863226317792617,2.5858821722227403,19.1959076234284
3.7099711414467937,4.124430962697833,4.313311137142138,4.646514678389094,4.59851024483253,4.139891904328675,54.0613152587084
3.4679876810741908,1.7018711890721736,3.833160436512584,2.588352047800752,1.2047527847704864,4.7817623588471845,29.35596936114965
2.8935640739822723,1.7662750225006172,3.887421875442608,1.048181198099654,3.3142405715228795,3.095064475893973,20.918661147379428
3.753019479278536,3.1929478542101504,2.0090458309276094,3.642686456425319,2.712200095475493,4.4025842641969914,31.175980264197825
4.503730810710317,1.7763088357888628,2.706007142138462,1.045001882601995,4.085887476592562,1.4799363746962257,15.968923602473808
3.7525936266356728,2.450541701266844,3.2088211718889386,2.9067432818290566,2.3200653420459534,4.250359422711841,30.231886487740717
3.6648451273103686,3.450991308077613,3.857880162513048,1.8795119794681328,1.6350631457667857,4.701106415937153,30.66701420778123
1.2881909009150665,1.5468901738681766,3.6437953357255495,3.8234632797406554,4.443827102367708,3.3646819946408097,24.05967564423841
1.706736681743532,1.9994912597671872,2.9533273725548908,1.823044400741917,3.033418668432305,1.6209247706584504,13.96387235997626
1.5533301031175588,2.922848423766213,2.3275438436946545,2.422749945870979,1.3547818493496409,3.324905054794442,15.462014707322542
1.0115655701861543,1.8705866827270303,2.7707056004288244,2.3278390694909903,2.4115984421493684,4.959894142581566,20.608272263985988
3.5244932577317982,4.0863891143875835,4.525434724836475,1.350229543261547,1.689493112149704,1.033807910271724,16.34123139989125
4.333442784702319,3.6836259864508216,4.564130423442753,1.9304847768595537,3.5093930600359986,1.1013885253327622,26.319817676380488
1.153436209483638,4.339461216006153,2.9677474356882567,4.325772013335273,3.439347543641329,1.708634373754894,24.985212629389324
2.1511557828040653,2.8945095725157173,3.5498897620109804,2.3303392201693183,1.7512311085791217,4.445893756040578,25.86431062438891
4.262839512524407,1.3153944581016357,3.2163038449220656,2.8283116864344198,3.2006117804005285,3.4528945617005604,27.372263864048854
3.6115353907906433,1.6499548080165174,2.5108709905494586,1.2588485212881388,4.9530352848814525,3.9221658143314038,22.566712732171716
4.843188603670474,2.53803290996694,4.429759046775817,3.0609091504862165,1.6031782636181515,2.4341549431648137,29.67619938885045
3.680319232784538,4.315176208052382,2.6571664045464485,2.3754120816980437,2.742385437815745,1.5526222622736805,24.701726878898413
4.833390128057037,2.7340549266766643,3.2840217554946696,1.9349295875667816,4.284525235770378,2.8215690362431367,30.33249099601184
3.698177880123028,2.6079675890363507,1.0117241197612206,4.182087332015694,3.8326811745313485,1.6256365687274608,27.10630687283814
1.5969530304806554,3.7612390283352646,3.20412707300707,3.0428844552527017,1.4899990676330996,3.3754230278143518,21.278870503854517
1.0137709166342457,3.7594585044463815,4.904866027853855,2.8942604834324137,3.4266103605149643,1.4536891937483871,22.946467306004337
4.143010475202326,3.0449961918739814,2.3690852193892606,1.7933455270106826,1.5936032147303476,4.7064446555100075,23.43233349351688
4.147841081265171,1.2948594132504743,1.3706234513961664,2.1838048075529923,2.19965443759325,4.60308387319119,18.215413253987826
2.306255065230961,4.366031616533538,1.1737744437887008,3.9499983777715375,4.157479157275015,1.5418127147833849,29.071129573852836
2.4537724193956563,3.891028168970241,2.486295352359672,4.465898145219342,2.0690534746920326,1.819538282788748,23.532952625640053
2.0013045262666758,2.7227539975559227,3.948613867326378,1.6130554451889083,3.3449441485510714,2.0726360332320413,20.519714598384766
1.4089803149884474,3.912649889838849,1.287486855456958,4.119495557598915,3.4645319483398564,1.2384823110868115,20.95431839059457
1.7560754403219487,4.841964712736937,2.1249886021376634,2.9065410249052124,4.1559054639678426,2.1639255287162107,29.825170000523812
4.982712902731468,2.3527998278824063,4.103954280051552,3.961686849662393,3.4530260142267317,2.3046400847984967,37.32236473432767
4.536838338037426,3.9027858798000814,3.344331749934552,1.3416818206008678,1.2912961370585705,3.518620720096469,22.894080841698646
1.2587955613109112,2.952681771701189,2.5124003798713908,1.2629573250040775,2.8037650113267336,2.1540400574025584,15.280241974394643
4.226194147955511,2.106274918148056,3.2996676239153238,1.180120387912427,4.495331141537067,2.1529592214321727,21.559870948037556
1.66650730723358,3.0734152305320728,4.907385259015452,3.9840615651827735,2.8131038582653334,2.497081344519553,27.539444134564494
1.518255798221647,3.1634635496519,3.5778059485277587,4.871034791894359,2.002519543705491,1.7114959047652012,19.85377462906069
1.2993337998220829,1.7005069667450528,4.4942979874663935,1.3281292465594683,1.0089206079417674,3.2585083928755987,18.086067455527736
2.7721143969590885,1.1534589844477492,3.9597767566337474,3.5956999524718563,2.117580190049752,3.9706438901545984,28.13309688599778
1.8320258691265856,2.1018267275535987,2.173641889055585,3.5991146499811433,2.3281306912523974,4.977452381736422,22.306197454551835
3.9588744067327526,4.750614190381617,3.4729449615600463,3.7656747584507815,2.742099013417451,1.9763793397380889,34.79834457995748
3.2104626893372363,4.612572977058415,3.623204282942116,1.3416089167538376,4.807537127616087,3.333107908670574,38.558832062170794
1.2834331844569062,4.771959917829603,4.875586510733124,4.8021149993883805,4.72871616035474,4.440350750662773,50.37775194865435
3.8480067390442647,2.6194977563701043,4.8255292537479,2.257535132275696,1.0288002891264805,3.5498875288102454,28.512036569534477
3.646298810884039,1.0111225906250718,3.75226610380481,3.8636486767863323,4.8162027856664125,4.014612752436228,34.021684364327385
2.078159494100162,3.4817051233127927,2.995117154218789,2.069230455514018,1.4455793980551053,4.141880285089506,21.738688805563736
2.9644663683322685,1.5660657464656895,2.6014730331356906,3.597945501589676,3.827177093370332,2.8138530855607686,23.97976230743237
1.1986623924664257,1.2374337557448074,3.046780210762498,3.7275472086037036,4.285023709640532,1.8715626430805459,15.472743661712661
3.633477013903932,3.281652560475841,2.111610794730733,3.1070879987704467,2.107266120240558,3.533966443299071,25.667209772687105
3.733293315750537,3.0084458880264813,4.168784628774523,3.2782248306588366,1.8784912036751176,1.7166708040562415,25.046344845832053
1.8434709888110228,4.117010752035897,2.5829514906550517,1.980272223119354,2.4760203739289817,2.525074081083542,20.36652075674357
4.958743256180368,4.68984065413709,1.539348156884715,1.5263546154043761,2.9625068397417094,1.7241957986785643,24.11662329566031
3.4936203392491048,4.233010844790978,3.633846176865283,3.774623941292819,1.8545831050372472,3.183808558563697,32.60704392891367
3.9621772174027448,1.4870669424868712,4.44050523029584,3.1336948694407147,3.9497233331779964,3.530130106335032,33.96531861953345
3.4668317207638903,2.504152493591678,3.416242741947032,4.284829649138606,2.7450784472624234,3.803491008436009,34.72252693615061
3.787221801736176,3.7883819819409035,1.84307786355569,4.33186806479813,3.166418223641964,3.717139400792528,35.252324268334085
4.1082829637680485,1.1968302329452098,4.792925223438747,3.733597646303453,4.776148625507341,4.761645915544928,43.87712748961923
1.89026146622473,1.3147835895790014,4.393752351208518,3.5325813388536487,2.8902093476796287,4.440009061114906,29.98580245357737
4.234203324183993,1.2700862401554531,1.8405021845324996,2.358808383269365,2.1429533741031785,2.1213029443900813,16.613672594500528
2.842012514484733,1.1608023594742538,3.574428953160584,3.6972718353039813,1.8890411916459704,2.627675935718916,22.092937241949574
2.7240664789778624,2.2943957844077487,2.2368856958065955,4.946214749405931,3.6173222755890393,1.45835071933491,25.03555064018785
3.411966541082749,4.215127032369023,1.378291909617975,4.310092278297509,3.451348110145735,1.2066216982250249,30.916838284354302
4.230620951483584,2.408078986656394,3.6509037981704884,2.7790689636931614,4.428322178684594,3.742318125573767,36.08378042667242
1.459176865070646,4.126637112654553,2.2321063289273777,3.4813714232162183,4.336290623539787,2.2595190655300583,28.017721264332128
4.147720036777161,4.258218442405833,1.0958784348973327,4.325050290573514,2.5122990531522618,1.8213949272727747,30.63304333348195
2.131378648635999,1.6743852207994494,2.222647670765728,3.2192830593662136,4.692027515066467,1.9157729597664388,18.975861010201218
2.4532053510589824,2.6824912718100142,3.380851278605326,1.6052590944258736,4.110631700417486,1.3147750937178828,19.409822914951654
3.354952517911756,4.7215462893480895,1.1104201837300107,2.964920919119113,1.2328722570601012,4.817509792658226,21.117692442654906
4.148448802397489,1.5299520557206243,4.228933197819072,3.926158393648094,3.352699997685002,3.271574414301996,35.25220698960218
4.180341758219223,1.7506940583698656,3.3928436487593503,1.4257909141466096,1.8845303687151491,2.6684931002744814,18.313309283248234
4.192043397126716,4.60927822182175,4.582820560476387,4.0204688099930666,3.658250177120412,2.8277496635784662,46.6749418977896
3.8631393809558303,4.8447591957326575,4.642411567883986,2.2163159610345082,2.3607118459625145,1.899151858931824,28.815662452988764
3.2291030199092834,1.2285010873986928,3.5688771670380453,4.6559901629712925,3.6794672858934416,3.154905015751919,30.814369932577357
3.6543470958784976,2.99577538864506,3.739427574044919,3.665592692410543,4.32124543998971,3.2204769395171535,38.383569016806014
4.602809363597967,2.6614102977031786,4.148235769284002,3.307493469934053,1.0667382367214129,3.6767318750155336,33.31474071962177
4.61994530619004,1.7411111399914594,2.4863096094796417,1.7326636203890025,4.120230374816623,4.258717260676566,25.76707981442379
2.642443659815956,4.045988982871055,4.875755769049409,4.731534037507519,1.6500901793558975,3.264902103170467,35.097924069947766
4.719343125103821,4.762976121513303,1.8262245431914852,2.5320886151819204,1.9081662833466155,3.244704438392948,26.96390432246471
2.5793307574969044,1.7152758256614455,2.8110042316357147,3.6902729170990782,1.6325518798668501,2.785660565215704,20.149214849027317
3.340723683367688,1.6352622894591111,2.666036081069334,3.9838366609122295,3.3797002511418626,4.956126827269901,32.04880679800294
4.063688074344679,3.2863284641803885,2.6518780942361078,1.338475028072028,1.4746522912144508,4.2174945135462885,21.46961812180571
