m,g,z,U
4.446917144179202,2.656131557631939,2.829563177480644,33.421659827603676
1.176541631023018,2.5097494158612053,2.4038615104220247,7.098181574113617
1.0360293839775103,2.175154692247263,4.784948311710374,10.782996700702418
3.2749676848097127,3.4830395101367992,2.8983017166518255,33.06046928822588
3.3519482495287765,4.8340071260328905,4.658240601532351,75.47906430071006
1.6293758653968229,1.069267335380326,3.496106541667728,6.091051032164496
1.8363255717567664,4.369212299895338,4.952838908967376,39.738093967665655
1.095329026409845,2.0060598417660422,1.0385822197310342,2.282072114028491
1.9490457419533944,1.1374419417992083,2.5433555741514406,5.63843204922686
1.0865142159829686,4.426462586039714,4.1683898880503225,20.047514878658184
2.4168933807660333,4.537102316183269,1.9962879526947048,21.89067994218055
4.033355980154532,3.752346029015295,4.504999352973926,68.18112577485277
2.70183420494995,4.524649866281629,1.0493727619572089,12.82842856949432
2.1941584114691355,4.8187434770948165,3.151661484668576,33.322789600059885
3.602069087902575,4.191637882304674,4.468259802391332,67.464330024492
1.530807572038796,2.4213986842001294,1.7651551221290809,6.542892443321178
2.0181241811108523,4.880026625293951,4.041892172174908,39.80657399452775
1.6209276413291938,3.6701085905724486,2.5137051963967063,14.953983098426598
3.1936053416027304,1.2937088272324453,4.330461178953094,17.891713578335775
3.341892980835483,2.6021667062875533,3.656769670348209,31.79986382951718
2.616748514980483,4.971502812349118,4.778703040313691,62.16697266244706
3.2553012951037257,3.721716184001143,2.3641353079424525,28.642226259925327
4.7227345178045415,3.514903253370322,4.9555349387011765,82.26165659403816
3.9792329615698474,4.628248268853415,2.1092595227256243,38.845975439060055
3.243981945489393,2.67751994620294,1.9630720967431656,17.050903372658407
1.747834952849018,4.8449334669448065,4.530159215320263,38.36204083989429
3.3075108159557294,4.373393845802031,2.9587989532449783,42.79916724607838
2.6022754434223474,4.836738129335983,1.2115475137950342,15.249172901737795
3.319194197483843,3.68975982236414,2.125879227876432,26.035705388708006
1.2316138449434306,4.9715163772576245,1.608289596468151,9.847538543969684
4.661180107110647,2.8360235384439814,1.2920445242399403,17.07981629446218
4.611079969677947,4.1032216239439885,1.8920344029171297,35.79782642710233
4.3781857224864575,2.2287300553110283,1.2103544144802911,11.8103891735288
1.0542856113439565,3.3611655126032116,3.661415057956895,12.974694520072598
3.6903745562329133,2.7546321935573985,3.2185870993423853,32.71894806198307
4.2877166325345835,4.514086311539606,3.5555767768953017,68.81862570585372
2.707615794540269,3.558371538065721,3.022274135384301,29.11871361647655
1.9456415120104171,3.4315091032270097,4.356634092142548,29.087008963376547
4.342227411386531,2.159041086779954,2.383363409694684,22.344144911872505
1.3781758404087716,1.1469507304081383,3.215552823516875,5.082823662537679
3.5342926841163225,1.2114991203423078,1.775604112932908,7.6027683343764325
2.6380809845090782,2.0432130524489835,2.117544887156979,11.413908927321815
2.6071175062752205,1.160688835817135,1.690705274215304,5.116162386182002
4.978853799696268,3.576455158157012,1.618323250921648,28.8169114333473
4.819524233878759,3.186284637792023,4.6127094057720965,70.83450014234872
3.8384174370522897,3.4857946742053105,2.7773831264366926,37.161205866945345
3.5448018564204444,4.851734969162754,3.2349373059076427,55.635872330617225
4.48437142170809,3.645831753017225,3.3648404000593968,55.0126630816192
1.7048033972455907,1.1798547280745335,4.614515846682377,9.28173107331281
1.671294524402191,4.9247352741075385,2.0043140140717792,16.496873478196534
1.3289115297212135,3.4223954474771716,3.7870427063687884,17.22370036494572
4.520875671703999,1.2715979950299237,2.292042642840117,13.176349062741778
1.1245373962548366,1.3251206911579474,2.4671554095349464,3.6764261360996096
3.7233055627930014,2.119099779974587,4.7343089805567775,37.35396297265408
4.909758309618852,3.6941454448800353,3.001168781046692,54.433282488939675
3.6076257239280207,1.4417685437643613,3.255123319963003,16.931072419025874
1.6280284692233118,2.9986245418410493,1.382676575591845,6.750014279402907
3.6583321859062274,4.676208029080402,2.550355996035184,43.62925203671049
2.952974595061794,1.8165567436335663,3.6952503298669415,19.82223148481479
2.6807505930943605,2.4970239375102783,2.954804827553266,19.77916331175997
4.953031031144357,2.7632468997467985,1.3242439508180008,18.124195496992535
1.5954938108035717,4.235986863403891,2.13531715039257,14.431521365562876
4.070478898442061,3.4613416439976232,4.971989435210786,70.05194085285791
4.2069503738400735,2.7661231385734983,2.4337904672400508,28.32188038609125
3.6506733317586137,1.6764034357884985,2.572646321047269,15.744598871187716
1.7923955402731866,4.301806658358964,3.6331142265790586,28.01326918821248
3.113733023420595,3.821964675059796,4.508946733690989,53.65907060262557
1.9980665982940549,3.6746230459953235,2.903595140089213,21.31860657911924
3.9135369084026115,2.9879978985855966,2.8960143350994287,33.86494923845765
2.8833502738516845,3.957730970181359,3.755886509446314,42.86039158544519
3.5047102828367613,1.817754373658176,1.24642233233748,7.940585800164006
2.6765730519490982,4.015225533954986,1.2420005919374546,13.347835582986992
3.2579377463272214,3.412533708635755,1.0185174210510757,11.323695778159578
1.9893724130163544,1.5484636271357823,2.628989468871639,8.098525351211705
4.240871453546062,4.3109401301145205,3.7150000308399367,67.91816157012701
4.1385058059802855,1.9776805120034853,3.9125934327004983,32.023177638819114
3.8013440051535343,3.3279337468207566,3.1638638351667225,40.02484226805276
4.5072336392997325,2.9526113788488386,4.866318693411356,64.76150120910393
2.633797578018288,2.447410886943601,1.4974342407358443,9.652438454283773
3.643094084710989,1.6700138131641715,4.1323001957622765,25.140986475374856
1.5323403921817973,1.335235202424753,2.162812993530718,4.425190723626062
2.7769853947355774,2.417091488941145,2.8632253872636535,19.218620934769604
1.7807140638928454,1.8189977446149848,2.6942230843984385,8.726898045063436
1.804040433563756,2.508295303303234,4.777414028919637,21.618114489969006
3.742304367172377,4.071190885327241,2.2579797952171523,34.40175696767578
1.5662013841915658,1.5534734201290803,3.771171796461839,9.175457914818297
1.5399709685417882,3.380438856807696,1.9506088766417,10.154436192251827
2.1807437512843486,2.226779095370592,1.533514289710019,7.446798446929914
2.711370521701625,4.488694770514224,2.8847695512168707,35.109130176372894
1.5904836053329907,3.1327349801756488,4.412056539626075,21.98335242941335
1.1922997090787324,1.4316938794010476,4.653164110615611,7.942989273687051
2.7103741305378883,3.634902965036277,3.5476897006199324,34.95165077328464
4.507224882540379,3.582312594672156,2.7227880821062946,43.96292179933287
3.9610911650309935,2.5613822437520253,1.3234739746982087,13.427793011035652
4.187326235714698,3.9916643985538975,1.3699561655151171,22.89799678535871
2.185851223794796,3.968183000534665,2.3040955021794858,19.985396439292604
4.157996431795448,3.710300899824064,1.7408523004007552,26.856855944560067
3.819743134700044,2.796573826686464,1.9418435442734536,20.74314882680264
4.637338895028703,3.3805753026955774,2.183476130387732,34.23007873430222
1.40247085650508,3.3581420457828317,2.3819777223798777,11.218391787767382
