d1,d2,n,foc
4.784054526575986,4.105981276471968,4.906093304535807,0.7123051423873668
4.079364433837588,3.404559344112913,3.3327893143371554,0.8169563125878
3.569829530620652,4.433161957042126,1.014443318951475,1.964806125586396
1.731425568888192,3.5542046943874976,3.4179253456774608,0.6496815554443485
4.345592308536637,1.870207846530144,4.342622479788726,0.3918313887181067
1.1820600709711695,2.9564692496905804,2.156129855622376,0.6348106582057405
3.275043941250877,4.911637708173976,2.7809261023885288,1.147406609091726
3.303362987913025,2.534539072698351,1.780100023506623,0.9949668725228908
4.220864087436241,1.5482068399674198,2.066482860701526,0.636262962108087
3.6569524939419824,1.7262507488881194,1.789305575356955,0.7633711489131297
4.3642173160513655,3.8747513498162256,3.1940910742609625,0.9492433650278836
3.243445362683305,1.920982223947325,1.3581880246749083,0.9848898033473014
2.2978369536353185,4.825739632003957,3.4608342782537056,0.8677894144585632
3.5936544620239705,4.489925848115325,4.711432748007717,0.7532375275731071
1.5168760353155104,4.658981099617914,3.9566168369015764,0.6629124845585141
4.320081929093947,3.0263256803370284,3.345618422064212,0.7479531284412106
4.186919311990248,4.062198447347418,2.2847721969879573,1.2479933767416576
3.653572413722885,3.4482073179440973,3.835659603865982,0.7214652663832514
2.6019102877832796,2.6920933937972946,3.473482149278289,0.5971624450033477
2.4793155223383176,3.624128233076228,4.530436072036612,0.6048094851182779
1.7861271354887749,3.920793993689669,3.693403748941504,0.6658345546740253
1.1720786737331488,1.0916863047692664,1.9375918841330484,0.3805107783736225
2.693470653050364,3.44226593772516,2.2654577698104075,0.971441567775544
2.4059538126695,4.876673546666347,2.5317713117735745,1.0697531945861227
4.47960054559603,1.4817670849499691,4.333052833488335,0.317714377046911
1.3249238962196361,4.670623580833039,2.1969348379154385,0.8162377444949892
2.511840352178204,3.7164136484644623,3.620322838364712,0.7287255760746985
4.844590022826095,1.9842870812458524,4.1898881981497205,0.4314158599757125
3.4818949158198924,4.230084666836092,1.679964861554475,1.4612474233210415
2.6449470770446046,2.721836292643652,2.235430627712169,0.8337679824954076
4.470295945658324,2.7561476693691644,1.232871467882958,1.4902779867874252
2.264533129965273,1.5913667081800864,4.0986525122773525,0.3314389228772493
3.6761103221876312,2.4803635418874057,4.722033899452802,0.4596024368524442
3.496196690602303,3.766289146482241,4.393330772535596,0.6884619906900855
1.0125413953893587,1.755197759795596,4.167736733908996,0.2974309278477919
3.68659532086188,4.102583272910098,2.342601515366561,1.1872826261022893
4.540938086759364,2.0976218497197068,1.195206502924136,1.2658067150143657
4.061185374264607,2.9736542421810026,4.688576324099016,0.5485647679062574
4.554014066404272,4.167380590683294,4.1410835411987135,0.8242145755008163
1.5496502838631412,2.9854488528367797,4.386453984068049,0.4729060817022396
2.2671052429815486,2.6019055426547597,1.9575597519122268,0.8379087913141646
2.648583277394562,2.613910649942332,4.341713909645874,0.4905414961176277
1.652392590846827,1.2770160770811256,3.7338597281995867,0.28336020025951725
3.1515234217679815,2.77248445011489,2.1077680198481703,0.9280294003811494
2.248543194214485,4.087210233355013,2.8754973094044285,0.8708769477371824
4.347635431583537,4.927669242195709,2.46139820783338,1.3707725102109607
2.7415210469834856,2.059455513086324,1.2951406821569704,1.0064044513086072
4.568555072526152,4.880893732558689,2.247431122309981,1.4720117058485715
2.2348891803561206,2.459790388041177,3.4054416001517063,0.5458833222598797
1.4653653720218616,2.6621901734283737,1.9326728670164584,0.7100282522847525
3.675944833856291,2.2866752627417983,4.628701969392926,0.435493602597684
3.470125238965339,3.1530231273107554,1.5772490740767076,1.2683789004918589
1.9559126326907208,1.9380881081544212,1.60791095136917,0.7457633321364991
3.9726983237762896,3.536090195576136,4.528248082950826,0.6526143302933531
4.314829737857542,4.019874994881245,2.3812047714529516,1.2134202773216762
1.250715682550469,4.758603984721738,1.281033674489457,0.9356761049985972
4.1471423638877,1.885530760236366,3.8141465354093262,0.4416999697146023
4.7711077995334605,3.625301334025352,4.025471635569623,0.7575886363053769
3.796550519454168,1.092670892948706,4.984735783759562,0.2072379679566116
2.6612690118061493,2.4550440972390053,2.5947294125709104,0.698003360879575
3.370556533572367,1.5809754874883857,2.8280563358671054,0.4795032546744959
4.793905115650725,2.1894040604110394,3.691755486381793,0.5277629300238267
3.0780748959911293,2.7395603871538787,4.693995314249756,0.4906072590269779
1.6078711084584645,3.8400759153937,3.914589544155468,0.6092565788669184
3.27040170491361,2.21901473576899,4.0374512651607715,0.4705324171258624
1.9895845215566983,2.971564844138316,3.3654584305067092,0.6115565486165871
1.0923783446232622,1.3519683789683676,3.7343283326475007,0.2719182775142645
3.399786918871317,3.6055601706982467,1.5758831478088209,1.3676030062616322
4.504886606052244,2.860084532659753,1.9967680488176232,1.0868015563444156
3.3507891077818037,4.38570756053673,1.6563798209703666,1.4790406825031326
3.7122486975208018,2.096513288731156,1.639522758773888,0.9511109465977698
3.4225910825494017,1.4634482630167298,2.8111813178319225,0.4518536272618773
1.8109209882029298,4.454001428136276,4.798075143363171,0.6137018712689364
2.8487710616635686,1.0041502824675073,1.1563744847993251,0.6655026586599552
4.285101200756318,4.498727420708202,4.708173657487487,0.7812966999388211
4.268154963729375,1.7669360673796084,2.271895554899801,0.6578619217969139
4.974427815358888,1.0434652854584343,4.406288922773301,0.22605132032420386
3.971262687605311,1.7078937529183356,2.544687882691305,0.5741299800934849
4.111602140640258,3.858354285300548,3.430373914808852,0.8831650701316297
2.8389591279316133,3.2478342304313106,1.6718953863607413,1.1533836958082997
1.1789438602632685,1.3679881254505006,2.7190145675216706,0.3526319625372435
1.0962134726800454,4.551895587446062,2.4462252878588404,0.6898268582646413
2.6947414483704666,4.108283961052032,4.614407110917545,0.6692146469987115
3.9947038978174216,3.5992632196448016,1.1867333205614856,1.7239980201909926
3.32524527077796,1.4346820846276989,1.7666467062800415,0.6526924391658006
2.7725892263775496,3.597902647080921,2.1832284272540634,1.0336135686113408
1.000484016519954,1.676537755686391,1.697454901518879,0.4970197177391082
3.2994001272458164,3.250335146743597,3.3571259283632657,0.7485362121507443
4.8315978184931065,2.6142926874230707,3.516107780764351,0.6443603951865415
1.4241634231565363,2.039792527463915,2.0405528365292,0.5873579380868317
4.636587459997387,4.6003847790086505,2.6419030887140487,1.2658955594106065
1.1406485412764422,2.4470673425180185,4.833086817091441,0.35066225848183674
4.409540914277133,2.079980248264781,1.7890010429986534,0.9200598622473556
3.7427021624599304,4.108973431773076,3.116714021109742,0.9749433021650886
3.554378569032255,4.688494650417839,2.8602906336125513,1.12181948094921
1.9407984030626424,4.430098504754094,4.239925340434231,0.6791981710152958
2.4108234942066784,1.0095926483212332,3.9840196072266942,0.2293072320257038
4.806186408002873,1.061658948803323,2.9046166087697576,0.3396753351025865
2.0877885519131603,4.9772608634790245,1.411110646196331,1.3114974281501937
2.3245058663802136,2.4905123356743224,4.835696922268326,0.4216124608677556
