epsilon,c,Ef,r,omega,omega_0,Pwr
1.5493766635210635,1.6567795808885588,1.7690469195535858,1.474499469419171,1.4664958749952497,3.4079632076645243,3.7782322197610085
1.0846955046463664,1.5202180458192016,1.3584626352968234,1.063633101743786,1.944684610055955,4.60623168729721,0.6784310580748112
1.2198588528875256,1.7801934110373412,1.7266757942456945,1.317229328613648,1.973429766335128,4.341976232592073,3.189555002989686
1.4841521786984813,1.9306777613718131,1.2157279108737025,1.4264421290583127,1.7216052111205724,3.8089513426205337,2.3793897279988423
1.8370000169506808,1.3145315960978952,1.8259729217156184,1.0116992303503871,1.6479513705093245,3.5628870568073268,2.5569031130095428
1.8407215007406947,1.011493722928087,1.8662336394835828,1.3642429993284355,1.8994434647051837,4.0655564118838905,3.941647595277819
1.834399303399982,1.489748383084209,1.7919914795387109,1.947112314999258,1.674642510206117,4.9462738406438005,2.3359999191325422
1.7730017734892458,1.1386280959925763,1.9969267242391728,1.6852928031586885,1.7820809796623545,3.5543486777767948,10.799513293459997
1.5504187705649377,1.5709392884478337,1.6605848738048037,1.8097865285172643,1.7295059972216107,3.7112391058195096,7.091777232986388
1.0255282545469084,1.4153916861288312,1.2975937937669548,1.7279141255074892,1.5543715751448264,3.424578555030513,2.0577811858625625
1.957051644464423,1.168653715030893,1.7063522449616564,1.0373178682380133,1.0749887451385995,4.723422066256344,0.08956177934313828
1.5930226792174411,1.3198396727618025,1.0398701653759006,1.9625411682730844,1.9070383801943536,4.846389527609631,1.2311579917147164
1.5677213609016944,1.781478215986835,1.4691437729799883,1.816104897198897,1.6137104769955315,3.0232513360271045,13.219911709012964
1.9579237204040052,1.685897645682488,1.5834624080170343,1.2756758976552052,1.0841386088348501,3.993575294761898,0.35710568514869545
1.0500532817918846,1.791045458870785,1.9599219962194665,1.1022686236376111,1.4954441464382682,3.387838331791002,2.153242304196256
1.8327718780187323,1.1276504435709,1.0632008082094195,1.2741119675286718,1.0612781510595763,4.572512862977142,0.051500685315896064
1.2306330955960698,1.4839467427865145,1.807302692341944,1.5365847807387172,1.5677838382201978,3.2108674605921856,5.781294294821625
1.4119827500739432,1.3437982238908384,1.706627964437348,1.2784955632667057,1.5494115295070106,3.410100987501859,2.560764181769082
1.491754281753198,1.465340767638462,1.4371947761661117,1.1066497162444857,1.88848536975214,4.315702883999828,1.2991022012315492
1.6151654649493998,1.1169023653565944,1.7650951453113666,1.1309770942451478,1.156620571814691,4.171597721001573,0.2088316312772008
1.0467189761347429,1.387830191809346,1.0774294044986497,1.6834075773933543,1.337232416137105,4.585320826847536,0.1729677728994657
1.3496978892281175,1.2872921921552252,1.3558849947942238,1.9905476197184624,1.0980083465402717,3.630031654442156,0.5376727774114348
1.8898647140018707,1.4832252393658911,1.1912651333178008,1.7092290471878082,1.9170285440294563,4.994969304431799,1.4525478206029037
1.8242784523697004,1.124518125291706,1.2860613478467997,1.4861594615048936,1.7281300279194858,4.533588636444463,0.9072170919090182
1.1995314796420111,1.834229228149104,1.9866901001582584,1.80512977696578,1.6434425442558314,4.6887856867006485,2.3252170406403256
1.9316000848172687,1.1248229229462765,1.946478603422608,1.9783456866322096,1.0465230355592818,3.977640400124346,0.7464399031313139
1.808117965799565,1.1587390325133176,1.9633309698039625,1.9611672067075718,1.614861630725709,3.5129134037505536,9.340809481223763
1.5802146819958534,1.26153752896897,1.975977067456657,1.660333920812926,1.1919158137539436,4.928198437767878,0.3469312216549423
1.1524788086003095,1.8075654120599316,1.5863635143392885,1.9787520909171017,1.9516954313668748,4.267192208590477,6.016420454026292
1.0817574585112224,1.8360110955248203,1.1610263686296916,1.0896632932320716,1.9137472476093191,4.160151313447769,0.9593787894502004
1.2145398822675502,1.7395200470396266,1.4155100553320952,1.5388861340856768,1.2399799778501954,3.528303272419121,0.8338127925385178
1.8514966045436372,1.9038515197669341,1.023168832315139,1.95150944554102,1.6367969871652122,3.7883751023511225,3.101119614359575
1.9222278314478745,1.5367221370420674,1.0294879053564618,1.7392796542719466,1.901262289641867,3.662741304043713,5.3964546952222
1.109958212808551,1.4848120298308445,1.8066333208007657,1.0570308908452328,1.239468446391432,3.672027217585123,0.4162649017679825
1.8744790975756789,1.7977505749264466,1.4817198950441148,1.4778320026034018,1.427019626673902,3.972864172776928,1.4851427511575317
1.064820014511903,1.5872112786014216,1.5818386481391082,1.6943864251608596,1.6887556608656396,3.4958442513222416,4.7122327592149365
1.8897484547182328,1.7157236925299315,1.7965113090709317,1.1369215455210677,1.3954706277772482,3.912537654795465,1.203624212125858
1.1683093776174378,1.5649717622326769,1.6154300516903368,1.8004413669056567,1.5696208166463792,4.56800156586788,1.1611608005293803
1.3357091383843218,1.3607182274318514,1.0271531913309238,1.40002779688982,1.4194192018140428,3.793507583851632,0.41725173712264096
1.841459302725708,1.5800130715809484,1.0017454689440637,1.4768021581296025,1.549172909623712,3.1741011769973246,2.6080488192732783
1.6491773589841603,1.3296722362091713,1.8737545521687442,1.0022787313742272,1.0995139925214328,3.0286210159297102,0.7465959308960844
1.859373687619484,1.5662846278677869,1.4214170462716051,1.3699680806348895,1.0068623572171642,3.3253813868022064,0.4712194777565877
1.484238525794844,1.268944247811281,1.807405682326284,1.2338839772495143,1.5123997981897084,3.67241653619302,1.636742062812633
1.9472946100313653,1.1119683504535915,1.1688552438875344,1.0584145069981028,1.0275082533937985,4.3260101576409795,0.04962207498649858
1.0235787780366654,1.0250537031663118,1.6183593507652612,1.7794302207900883,1.425702315308145,3.3317280776603178,1.831392155949244
1.203114948396942,1.299935821265351,1.8727820531736208,1.6501375552530888,1.062462022301779,4.173014564015455,0.300606628105805
1.974505941103469,1.3767856425647411,1.8052252762622256,1.6889613526665177,1.6348782342264894,3.433484665254244,9.100171469927538
1.1417776365412462,1.0891252802779248,1.7490936785429303,1.2058173134462633,1.6364082699258475,4.157500386081502,0.7787231709128485
1.2584412394766105,1.674243886512217,1.2970578353069646,1.1859486506863703,1.10677722870776,4.056577799384307,0.1350772782469689
1.6907487548316302,1.859338953159265,1.4950415707095221,1.9101403856297388,1.1782145001494482,4.175522261645232,0.8036817637035215
1.6603010105989495,1.7298416307931472,1.3718428827741385,1.2035108187260528,1.655452758832134,4.086004100907802,1.2647476743533306
1.1078202792170924,1.6973116307029508,1.4772770985119013,1.0995416787303007,1.4806849609773864,3.0595638100969,1.9438402866231677
1.823721895957924,1.5821705699446538,1.8003401375941197,1.4485290206101706,1.7334535733180585,3.337789443215415,11.212268213028052
1.4298632551169843,1.6403995824648991,1.379021341113883,1.3014685745493937,1.6154068186373205,4.980417275456323,0.4374805933399379
1.5074176231483003,1.0972716945092709,1.321678568512045,1.8171479593926263,1.1995002846295992,4.341868715499258,0.2728485966903852
1.4025831137145386,1.3810074140395503,1.5908811720816722,1.7133195071773626,1.4737959724423089,4.899093527907823,0.5968229352936861
1.7531568677806924,1.9778956869713091,1.798753386190093,1.9897809293247957,1.592079492359464,4.1081144066580615,5.8118307107451495
1.3276258189958263,1.2232962133193264,1.4754504048039083,1.3552859619544877,1.6537821444004992,3.3717032754243665,2.7299692705107885
1.1498661858360262,1.2270530683664216,1.3197057022479155,1.1397892900520117,1.9081833869744984,3.6617503931683615,1.8583958842902053
1.0358434295487158,1.5999990452879258,1.4269000571710801,1.1980217004078884,1.8790569491647335,3.147694247959497,6.2191204383282015
1.2486652260515685,1.2321918256747135,1.3169784015441488,1.7269160360057376,1.4987598609985753,3.758085868035433,1.192429321620221
1.3878917598352056,1.572712196058625,1.8995050460468352,1.823012774475788,1.2762648902492726,4.193963805182366,1.1418923461937522
1.4065425714108648,1.0645234929462228,1.541494226753084,1.5088572845477484,1.3859402349646068,3.49232195942401,1.1856334721274189
1.9102798051958447,1.316571267461833,1.2904168247930432,1.5547882012659635,1.392184911293698,3.3986176379641284,1.7240680876399204
1.7295470271344668,1.1482397136649198,1.1303399022334326,1.1502043993797446,1.501123380793011,4.4816287331315605,0.22454606162031854
1.780032362715205,1.4452725624744316,1.510146519187343,1.0645408097913216,1.577027698040299,4.646816886387837,0.4719019466249418
1.4434100194121648,1.9965289915085127,1.1433907950341402,1.168137961509821,1.7134077508104084,3.0150544576635028,4.89946230024291
1.0610923622650024,1.1531041891895029,1.5650744128385794,1.1072190717104462,1.4444231657628868,4.546721077838559,0.1939271760731859
1.745936451298182,1.9236529937070377,1.9888867679572184,1.934693954819754,1.321657162469907,4.389827496032279,2.0696968273166663
1.6772147042164045,1.3394817996761927,1.8352413964468024,1.6516719956070944,1.2708645402271947,3.6833346995037908,1.578971544444789
1.9617939252647083,1.2045319001833088,1.0517216458709129,1.817746316520528,1.6286501682144188,4.340700662237347,0.9711581425075247
1.955225995278555,1.1700332165234717,1.1096924507374646,1.4801268569012052,1.745777250346337,3.820878707238246,1.7995950542165728
1.8023631045718496,1.3726876906950365,1.6317906519994598,1.7875111518199869,1.728287913823639,3.3304142620535044,11.976272283742066
1.9338752221491429,1.9184313663774963,1.071644792582723,1.4469514121741562,1.0294534790492662,4.820305375903036,0.08533953602727333
1.4293686173515634,1.6035159664894678,1.870896642115212,1.3751341260473815,1.6197757689181242,3.560067452630002,4.330600961423311
1.8009034894154563,1.4412095884739715,1.2854921019516146,1.0089048331286128,1.71862281183048,4.347535902402699,0.6273179497227273
1.9810709228051333,1.0704342433683758,1.9305947743715557,1.8824969048176443,1.578698901438584,4.1756239996713305,3.263543033872768
1.377783462456066,1.2485620942710645,1.147798346806908,1.457947364771959,1.8797454646671372,4.4873318197025815,0.9139725305649036
1.7142868283812538,1.5143096478406417,1.3949570164820673,1.1293501127888512,1.1501292387167088,4.767700134840204,0.10303700679637516
1.6753068874786394,1.3700199065885972,1.3959458146071178,1.8010960021670337,1.11948451195859,4.122549135027408,0.38518033001437396
1.4870069902704657,1.3640645149433852,1.8846313097013545,1.2195031572058967,1.6235487602997218,3.536543310171845,3.2001782635654945
1.03093068066036,1.278519795394799,1.6403512699664016,1.9025637715884884,1.2004391349284351,4.831651419584062,0.23275514613121076
1.893655186559548,1.0008750418067518,1.8516626355196608,1.805021125465196,1.9842098286343923,4.47473800468083,5.3125323624687
1.377086844022505,1.97992678285182,1.2314331832449867,1.6129859706511593,1.8301089927675869,3.3628392386605506,7.978666869241407
1.0923362139061037,1.5027896497546105,1.439626973791166,1.9624366551353123,1.055024806606505,4.2404894040321865,0.2389589081361585
1.0256757150514255,1.1625480487907114,1.4888563079753272,1.2514634758542191,1.3916827718506821,4.430188364470384,0.20785825154500207
1.3130080308178456,1.3567138516714985,1.9795413669840585,1.3716663419274324,1.7535552082095256,4.5814709875132005,1.6207587692285537
1.8536452609959475,1.2545457025722455,1.7349980119255264,1.0840750164720905,1.5915833061305549,4.487768849399834,0.7132938703389647
1.8955686767514097,1.3555955469077878,1.5055715993583183,1.1492146813677966,1.551736907993977,3.602969117131794,1.6710841706512358
1.7830294286057278,1.5022433477852388,1.1828009433822595,1.2455808517650366,1.5909261863723838,4.38095359070111,0.5619732607141275
1.1809294537854824,1.8057890347137624,1.8671201036278997,1.746840397217252,1.89837887369272,4.4910464666378624,4.4972272098094095
1.758774560145442,1.4945840234058694,1.1192317487516248,1.6310713020913603,1.9865278716651893,3.5931957778380124,7.110597393350643
1.3511475821098964,1.166088284207242,1.0377030396051428,1.3999764335253255,1.639923176881373,3.8312082419828952,0.7008941276300042
1.0911885680743911,1.2440919484086237,1.1447623314356672,1.0686546601589866,1.1538966539511086,4.790827201326743,0.03227606597905855
1.4307734429439098,1.6502915707740322,1.7570609346082793,1.6113655163221732,1.0352029144318946,3.1001612251023296,1.2486300741274088
1.131471257614189,1.8728678526641132,1.5531372742203793,1.4421291366194051,1.055072480575554,4.304848739913215,0.18187487343953385
1.50203626530159,1.9747631013245588,1.6023728134839912,1.8563281960579352,1.258167593469821,4.606547939046287,0.7143502456491404
1.2790721992098866,1.1957693156046458,1.4662186485963131,1.4909623600462272,1.58622340141021,4.283306656602867,0.773435237058782
1.9122204432044436,1.3014121813908104,1.6574524130155663,1.4971464659373614,1.1318498151944445,4.715090747236421,0.2399926753993217
1.1947215526753423,1.6600241648167828,1.1605233534227335,1.4425330526920443,1.8269247530674868,4.486963726356358,0.9194790947188696
