c,v,omega_0,omega
7.308260478633628,1.284424287344888,2.4910790622771564,2.975194581975125
4.160833181006012,1.7400791172203278,2.9173097941850186,4.554773605342249
7.468187449311183,1.3639529295338595,3.1112004873886603,3.7423583794526065
5.496589801968206,1.1676081155585392,1.4300222954587736,1.7742870288415078
6.470861224459143,1.50068474115091,1.5228496361161523,1.9286010378638447
4.918686604707533,1.7740917953144857,4.7001754049361395,6.8570125098432815
9.561815250936169,1.0257343671462222,3.521857241251773,3.922294657151344
9.704922816677644,1.9402113004675379,4.9324292825088785,6.0404661125392725
6.4930031002984006,1.19916893396501,1.6654442244226906,2.0075640997667854
4.149531296582635,1.7398916305448224,2.0199601063678303,3.1579344560891873
8.416078790093824,1.4905288665256546,4.178484082687772,4.997514946906443
6.310802084359528,1.256598297584314,1.8444335775808518,2.2568879707896183
3.4149233340072094,1.5482200269492887,2.4857245645313064,4.0531601651754645
5.622371731328209,1.2499061599329422,4.283065875992573,5.369599707391799
9.170147339976706,1.8698929489424219,1.7441046592436136,2.1448102394373256
8.104831984783496,1.7842636731813837,2.4292874750980515,3.038639193602056
5.838224310320991,1.8088090507830719,3.547450907073266,4.886994756272289
6.579606188317411,1.6887317725443811,3.4082939556884457,4.4315218859697625
7.403285383711878,1.1630550988557131,4.378760039727833,5.1303678305090665
8.747267722848923,1.5387346121525078,1.8711318803438788,2.235137571177078
9.210807528776384,1.7098453709480148,3.5810092553338637,4.320870577438447
7.174544460883608,1.7347939484036603,4.147972596198923,5.3084669194156255
7.749626184195401,1.59905965278277,4.584164558342106,5.65168465389689
7.166674030021907,1.8664745608436817,4.000915564278655,5.223154303687777
9.804020449281,1.3540921175566578,3.800843956382217,4.3676607348148
8.837774790978392,1.3987084329211956,1.5284809502600356,1.7929831308485067
9.173394162720877,1.8715240443655337,1.7296054549119213,2.1272143130145524
6.649477928677109,1.414902738704284,2.5805791627565955,3.2030371431873896
8.095401276271502,1.5600027848036817,2.3964682197675593,2.91286839739178
6.320507153329121,1.8201304616757,4.834039221103135,6.501520668825602
9.53662370432561,1.0968612736108647,1.9392092227747608,2.1766939388787527
6.178613688256,1.1840657065635076,3.7237998443939446,4.521225615309635
5.971816080871103,1.5679724641932509,1.652353589742738,2.162054449645449
8.62215631208165,1.607010933109157,2.967703318219835,3.5836227431838608
8.954325193484955,1.71322890072276,2.031050690739721,2.4651935803856038
6.919413873143537,1.7246452992865202,3.852613236599439,4.969711474513288
4.856664558294899,1.1474352076257386,3.2211142299839413,4.098153607062453
4.949109227649245,1.9192776046213884,2.5265061556317283,3.803982296739272
4.179556983040524,1.9166850834032412,1.816683366419371,2.9818126771471296
8.481527508653848,1.1819640470939805,4.956593482882889,5.702980583141005
5.395065810306559,1.9205103739619929,3.826540694353693,5.552403028176042
9.889252966074308,1.6329981380094218,3.955444413196104,4.672748523887969
3.7746166937808026,1.1333939202850545,4.9885048408009025,6.80018343555929
4.729938682170392,1.7508645267440182,1.391322563679407,2.0521144973780228
4.8372660073373135,1.8587968048048564,3.7800678472283353,5.667777560504285
4.985085551769694,1.993076678363112,2.6698020157365443,4.077257581395388
5.949337229384952,1.7932362041844645,2.7438409689694763,3.745058060456997
9.80132626477622,1.3585858990169748,3.586894219368346,4.1238915947034345
3.262793799050833,1.2802335496863555,4.767862080920851,7.21743967524593
7.148524942995393,1.1405823861162332,1.9533936926182076,2.2944615101890418
5.340880160709489,1.806537427344272,3.7123766155061086,5.279250573083568
6.2482340637224745,1.2703774814372624,4.812684124216746,5.914730917387988
7.340019642096788,1.0432691338023607,4.725824176973296,5.452887403322959
8.307786657949157,1.2463009732572117,4.312094986287448,5.015738516770231
3.8238208803318576,1.426172227368774,1.1749435044941854,1.738615631475689
8.302394857231734,1.3502846128021204,3.689640530558888,4.347600937191928
4.369149250327247,1.5900606082855022,4.340155001126472,6.355480346958423
4.054619371094007,1.5519000348182346,1.7010401088735143,2.5459809180269706
7.206199413890201,1.3069212952550524,4.902615418141894,5.8894235246042825
3.345010013328784,1.8828479211122504,2.7024404287748376,5.1099924427640975
6.462373406915049,1.6393849255975157,1.4584879265809645,1.8903158169445125
8.380832967454268,1.9735265173476464,2.8241151217393514,3.5900977010956443
5.285795959153116,1.9242138738988896,2.5164911354883253,3.685458057942141
3.833268421478029,1.1407933739324667,4.162502213873344,5.6576258345555726
8.58156396142483,1.4586267715348826,4.9098006340583815,5.829150681819737
9.002247537782011,1.0267886814395502,4.6830558883183375,5.25147256724044
3.5686562467743377,1.5026941851551343,3.0768512893422817,4.820667150802011
9.227447295958015,1.0888600017212997,3.4828915442575568,3.9212774600324534
9.633817123663665,1.6852696817051085,2.9831803600143685,3.5599288741933566
6.430634355168648,1.391645337397058,1.3731543068943577,1.7108593505180942
3.3993540733874754,1.903622448582867,2.119206620636453,3.9903070561571847
9.201907472793245,1.1646421218801315,3.51719434986282,3.9944715128995503
5.959938515201036,1.8980116101868167,4.59944714762298,6.39726313631758
7.190071238419651,1.2149926900533587,3.303509365739859,3.9180885185138967
6.946447950964892,1.2045808849090769,3.6940199444451847,4.401278840132121
8.625227080229447,1.7612161738775085,1.7473106139548014,2.14938670843296
6.950474995086421,1.7066048534220162,2.2679900665893737,2.9140761437271903
4.483358723154813,1.5806608819799006,4.029042929883986,5.823462433874223
5.908930279203748,1.505806716967564,3.7402210378707417,4.853608111259868
4.892724579317166,1.862119178767744,2.95749608316661,4.4153703379687865
5.4500404636807485,1.4366738114075115,2.263374819714876,2.9648866428065492
9.293086653575338,1.4577414202495995,4.495581810197309,5.265962903316586
3.724356081615976,1.2132086214253728,4.146054941042614,5.813736507219786
8.601101055603085,1.0192725202112929,2.1068385622062853,2.3732322858384927
5.454474509844074,1.419734650657511,1.2230183766515736,1.5963811256621054
8.166164601604482,1.6785542543245835,1.5231847611262328,1.876341422633716
7.021485082649412,1.0560210947855455,2.462206258678908,2.865107794556489
3.619779517667543,1.6389609141246395,4.270679084481895,6.958497129035317
4.107669401621922,1.9336044299213808,4.752172671213269,7.921733240663498
3.592356060951373,1.596500011738042,4.111065599650848,6.628657987577201
4.837746830424269,1.3250273168246052,3.127309688709864,4.142259281306232
3.1322271415922853,1.675781235594005,1.422678015833179,2.5848898954390953
9.742468666253536,1.910480812459412,3.673679051811817,4.481084577092143
3.418344742975017,1.1038363922966583,4.555341164172295,6.367449498826269
9.475309785215092,1.0513179663116965,1.0767772194023304,1.2036813274920208
7.166239401165639,1.2663864070820885,2.294421749001163,2.743052186244673
3.765121538801102,1.4764579948524057,1.1697886565130746,1.770302651256684
7.42919467046057,1.0864534825038992,1.4256587301532275,1.6519083068885485
3.870768004541032,1.025963241001552,4.013913711652217,5.26617070910434
7.852353462618319,1.5043438347897449,2.8802749454971748,3.4968455294515235
