q,v,B,p,omega
2.300487430221524,4.354027662888167,4.576530104177792,1.1587635374934435,39.559660073687404
4.071468137744667,1.8604794695596383,3.8236280749494886,3.876145584653428,7.472251549022723
4.948773697554583,3.5329086218548507,3.0125878830258426,1.9533272179128107,26.964645955116385
1.0402491448452906,4.925353166334267,4.585824965894028,1.8336360796450808,12.813833379562311
1.8285796910373169,3.0578780648385906,4.7571711027127455,3.5006267707691188,7.598660095683884
1.860283988848616,4.746321271735965,1.6219805455908762,1.2485038758066476,11.470758219803653
4.324697138494745,3.600017520589395,3.1856184689085567,3.5597611736965957,13.932633464659286
1.0582455087489389,2.0054279538367976,4.847572082666517,2.632680237169745,3.907686015510986
1.823455541304792,2.041119379492824,1.903683152627284,2.2688449442587855,3.1228666155411564
3.5427838735609294,1.0853929493727632,1.119537028133148,3.3053359510416875,1.302430356917021
4.8795044842013136,3.1457175825308568,2.2107936476271344,1.5957567097418597,21.26556765309613
4.590236502938503,3.510570490542257,3.5810618471021405,2.149106848012815,26.851377712692013
3.7410146271841063,4.980225825163638,3.320379650415163,1.7013309318752732,36.36113137752872
1.3447703835045672,2.2560176486962704,1.939469290930224,2.5319582350762477,2.323897659054673
1.9259473087505368,4.432900969272484,2.127322626277662,3.9714598254672726,4.573151786291554
2.8830646828505517,1.9343916130077607,3.333704821237613,4.552976954865666,4.083480421205971
4.922092254239205,3.4146589913510725,3.2758029974102114,4.485338938182358,12.27494621349352
3.1242106228533184,1.6817838863720498,4.0870419036882915,3.7768969351436823,5.6857066448749185
2.8350409319081256,3.9144394981462582,2.0249816944964696,3.673859003195017,6.1168458408129585
2.9031074620267154,4.591364359878955,4.620016983263235,3.983445743987076,15.459289728240922
4.301305937305531,3.0936409479798623,2.4979602775333642,2.528055518370482,13.148286592166611
3.381098332826609,4.412134454948112,2.5296568718440593,3.776892640182993,9.991564970271329
4.0540094271230185,4.147557757021469,4.822339821771432,4.945695819949623,16.39485597593543
1.9639645368434069,2.426162227862637,3.2353105765836228,2.082691321161369,7.401922758554899
4.759356175050126,2.182364306824145,3.1382547561304226,4.017813947887828,8.112857183652276
2.9184745616080026,2.885304125603644,1.0988275678946122,1.3039131160745083,7.096241739489825
2.7621106191065605,1.4539279145630184,2.7493489904292554,2.8525616138642023,3.8706043418303904
2.730587626469556,4.367287123464637,3.094898082588005,4.078508646299508,9.04925502627123
1.3396578154333063,1.0811944350876508,4.992478756439799,3.915408155647361,1.8468723025150058
3.255914717440385,4.5767574312544745,4.598500106973573,3.977535554046345,17.227927948498696
4.0015432698992655,4.6268866182150425,1.023927986555623,4.95352162554704,3.827116872112924
1.2755901242276333,2.6448240469192,1.3348222798939369,3.8127368106176034,1.1811214391342597
1.1043989147203492,2.6776551977521907,3.8431933865171866,3.0484694317122325,3.728129736593434
2.345839045071741,1.0525594860779175,1.1546295850805786,2.944337366148538,0.9682777913427566
4.694643089397532,1.4320582283773402,4.07948874307284,2.8108574248951816,9.757311708062444
2.468723363276508,2.739866952745996,3.3291629842214343,1.9374819176957685,11.622493191593636
3.211483297233194,1.5522339003846801,3.8515441407932087,1.0608514457638374,18.09852318953196
1.3604668763639176,2.2548326470855766,2.889757478455563,3.9607949469610166,2.238109463818121
2.8953019168263623,3.3645032551622167,4.014604131066548,1.311473839077416,29.81933170272079
1.5140198063727803,1.97212821033001,4.3965873730349125,2.307600190461742,5.688815439178018
1.07592139295109,3.8130067362730737,3.054743455055837,1.9382873215678182,6.4655385177848945
3.2598325876166734,4.530315323407291,1.9792642377147158,1.4765408414352872,19.79620952399869
2.4867154214002367,4.204876411370892,1.7337805337424361,4.6450825105178914,3.9028334009148504
4.272443093612734,3.236487561801478,1.7343465791598076,3.3368216527522883,7.187090644261924
2.43862660538625,2.2829737110150865,4.231529575221517,1.4403210838435143,16.356270364368523
3.5656337112019743,1.859695581979838,2.5076544324148387,3.2988656162823737,5.040593213884908
4.9404075205708615,1.3595393310399229,2.3684523466075857,1.387242200419982,11.467451437463655
2.7095188349111354,2.1270446600248736,3.1994710754973705,1.762356317000514,10.462928358813096
4.246700724775129,3.916983515396796,3.91799078729212,4.836723496062128,13.474589707146865
1.7347879956803258,2.822760189364463,4.989219320414897,4.030674463327977,6.061432365948938
1.3451885165218431,1.1906889524325757,2.015177008027941,1.6062433437142325,2.009478360979384
3.976810147229421,3.272345497841272,3.4899590854898226,2.0952152824050603,21.676326870289415
3.5343570161817914,1.5270265796675662,3.889659146031676,1.4671569085310343,14.308430414597956
4.705163798606075,1.1065246800727038,3.396395507571696,1.7659276672796906,10.013391555291683
1.1378918606020254,2.4560468778705333,4.9255532999373255,1.187620192019247,11.590844855210786
3.929256975473925,3.6513733954660292,1.0512525595639055,2.4638589537659352,6.121500698474202
2.6714183411801846,4.010826831364258,2.471080064411839,2.7566461308613253,9.604651525089169
2.6370881309193708,3.3668550100853465,2.5042610361768656,4.239383106295511,5.244764471688623
3.053203502441484,1.16112618223049,2.635600355516095,2.730241163387064,3.4222656428084313
1.0582753215277003,3.783617185830113,3.2210839630208654,1.4156365897125038,9.110791847110388
1.1549206547264887,2.9860705044865257,4.532377592441755,2.354889116898664,6.637550330833932
2.7570428781607146,2.127249818380837,4.975060357424889,4.738772984541926,6.157358860979105
1.8258807793390908,2.4223883658527336,2.686585615816292,2.9198072754004767,4.069702732133767
3.8575543621006703,2.2919661935559748,4.198788354571354,4.029600881059897,9.21259997243348
3.3465192099029952,2.0875198166238245,2.9645666025738446,2.8551317241608265,7.253690001079091
2.945988358869102,2.174897293269264,3.4196488121949766,2.0974729240472905,10.44611790640508
2.4455941889412234,1.6542279569778042,3.8653564014692554,4.084016184654812,3.828968904038596
2.6161285718876304,4.1374604079957535,4.850903282573028,1.1419156166343276,45.98133098932086
4.906830538783964,4.5410270244433635,4.211789498174534,4.510093152057454,20.808285187206565
4.8539828031871295,4.221566039042322,1.9805083958302363,2.1358114569412687,19.001399841692468
3.4279656052848666,3.7094531712584935,2.386284112081676,2.724946609531797,11.135519963279862
3.5401550304450202,4.584675912794673,1.873000353096324,2.0849294738471604,14.580667710623741
3.4569541316865013,3.0777004562487824,3.8260957693018014,1.7549469384051006,23.195931237205862
4.367477406558338,2.34811413953356,4.1546496626290175,3.6257731275259046,11.751238833487587
3.7256980518650775,4.250684091325725,4.286738306376554,2.0998724388797307,32.32961574038239
2.595400946262648,2.3360905863623893,2.027892883964876,2.137039962702345,5.753425656590164
4.758384952181403,1.1776630609869718,3.5724170729849094,3.548152645474252,5.642096206993588
1.2023211178185391,4.476223950822823,2.6685218364650147,3.2842286614427807,4.372901108014491
1.9102038909717884,2.907043001294173,4.985027642659138,1.5810420135199776,17.508758055064813
1.666836919027583,4.6647464459693975,4.708825799912597,4.540521203269012,8.063583171813912
2.2270026842909147,4.0092603494261745,4.737764300799307,2.968809419062304,14.248729158829954
1.3604075132420563,4.387783503470013,2.168034561691215,1.2559112262618304,10.304370639912934
1.9880932852178923,3.8856030903377854,3.6834639319056857,2.4157330873944143,11.778843953855498
1.2425826474314423,3.731973737355705,1.5871133731242288,2.2409081382460685,3.2843373600249635
1.7943126864651051,3.375916573357705,1.967330351702807,4.7426093637898,2.5127528326592983
1.9413879393174585,2.9610697103244688,4.258038657194042,1.0920350573996314,22.41475407467444
2.101675709280308,1.0175730715041498,2.2611600179248263,3.8454011627613105,1.2575375288567188
4.030640530127884,3.824257575763169,3.3004725539262547,3.742821936159794,13.592463102539648
1.557319545556081,1.0743334760139964,2.366101885843174,4.166837206931751,0.9500440690297616
2.311683767692352,3.67448763152848,3.945976104666066,4.246577450889257,7.892972959966389
4.707068112587134,1.4439355406347856,3.475411414650541,4.658328424601277,5.070775786171474
1.5601085193685975,4.435473068480379,3.666831964277327,3.902950473595221,6.501187972280271
3.2510863538833887,2.901270032481368,3.606406449270191,2.520655231455973,13.495155099579101
4.69965421080334,4.664680943538876,1.2534267379562745,4.061449639916855,6.765590863176483
1.844442979466116,3.6842393397052193,3.255076626514865,4.4928240561655945,4.923283835835218
2.9308183598372612,1.4164126572959534,2.072730980545738,1.2249177534464986,7.024488600657335
4.658088422546995,1.3001473490845419,1.5668197296671411,1.679111817864055,5.651187494035278
4.348899154730467,1.342805663343711,4.756533675097248,1.0070649222866148,27.58199072193023
3.528652867090821,3.1658208736518723,3.6570756088287695,4.450479817327578,9.1795708516428
2.936546042795174,1.4880811742967306,2.9447046636543472,2.5335445727623442,5.078981512546019
