m,q,h,epsilon,r
4.590634083169908,4.823903278284226,4.476681544903436,1.6871399060867132,0.10074970155940828
3.8469508956102367,3.574818165933125,4.699889672954616,2.6159698857107543,0.3741395666174532
2.5630597196926423,4.194439641675169,4.788364834065952,3.752644176597869,0.607372823157465
3.603491185154002,2.365984874372872,3.693898006785535,2.797473795679034,0.6023356418748355
1.6159558485722156,3.679018445917368,2.574164478849973,1.7490595182873694,0.1686684602990841
4.289142102705931,3.2510100566705757,4.378145866135835,1.5753784500255072,0.2120354227172961
2.918323295655189,1.2161177882680074,2.031683840383648,3.0536800859776174,0.9296109548698612
1.775526385064159,2.6259803781928808,4.239999975907674,1.9227532459877341,0.8986597799109332
2.4272426234576203,3.267387685798135,4.5959617483293185,2.8760491000732515,0.7462506260696602
4.41681665158904,4.409553042933993,3.2053409469156278,1.9879465016853963,0.07570154957141334
2.8157602438743985,3.403671496411768,2.64889514834238,4.561400183647644,0.3123107192857468
3.652622813895302,1.4123370514088802,4.653049207834638,4.156840028253413,3.9319428516910016
4.885493053752637,3.14899834163644,3.0667972743694256,1.651566340725199,0.10206175308447787
2.59553615420679,4.1251788166461445,2.3026339803493,4.208586741429901,0.16081390135576035
2.10039534330132,3.5298141071816644,1.3795257416909743,3.0377921585799754,0.07031744559373916
3.599954304232236,2.9620170522394638,2.562364722116385,2.0381999674092666,0.1348673156626575
4.6787498752338985,2.1033067668796317,1.4221098573570026,1.3977499311570347,0.04347212137712498
2.054621821223629,3.662917303873898,4.052335969144283,3.2748261163776986,0.6209593022185339
2.4349399104094482,1.813928586497871,1.5383025094957392,2.6959337470663742,0.2534627958994837
2.154482992296072,4.9185538681898775,4.934986037472324,4.72667947604921,0.7030078953153047
3.7857260110886064,1.2364809435813702,3.7442783330412417,3.764413579154609,2.902416098457276
3.44154447474572,3.4027072075611287,4.130219156074114,2.2396606311307927,0.3051939978940099
3.4168599167075913,2.996196299158425,4.825689368735313,2.9594393950414446,0.7151721648333218
2.37277826705726,4.011735107660884,3.8973305935081615,1.5304513892191154,0.19376820068434264
1.4358358581422404,4.311664182429763,3.2567640981356214,1.0223795587064408,0.12931241941370702
4.325061817066379,2.9262845267574162,2.602540660030054,2.3221804675698543,0.13518102053521247
3.3602094256750887,4.707865577201659,1.108245160041717,1.6488299875845938,0.008655322164259531
1.8440600477336464,3.270858611323129,1.1071628481413875,3.6477406024805874,0.07214371153637836
4.892282730502399,3.393226248476308,1.7820679518936988,3.5059349984515045,0.06291661140222099
2.292140864317637,2.5651544233218297,4.486978739988978,2.486821954938019,1.0566581571843128
4.463597444290839,1.974081144321366,1.823874445371636,1.445277323608487,0.08797842276543848
4.708454586094106,1.9579444560403376,4.0135370670373,4.616028467788416,1.3112757862986366
3.672936685844989,1.1550777225294366,3.880563337569168,3.120612869213208,3.052415970865754
2.5662887953205566,1.4043761630655471,1.4239878431529336,2.5421932882534333,0.3241894157706101
4.05240720494411,2.8031051618996945,3.1378954687945333,3.3120517007595804,0.32601104788550744
2.058006403415164,4.554029869295964,3.671758121581437,2.2046722554781684,0.221668417661482
4.993034330247914,1.838828442605932,4.517147224962852,4.007650561972482,1.5417767350414222
1.4265879676374469,2.8937305593912632,3.9405455979556656,2.7106698740373383,1.1215657356366102
3.518240601821036,1.711245450163681,4.176705699956589,1.0320850719860648,0.556266907821272
1.9795258552185195,3.0754753338776406,3.9702860573188143,3.646349227062187,0.9771614159053758
4.174657379442652,2.0273408522206777,1.4671939438325308,3.5176600428874853,0.14047681845482698
2.701898376331303,3.1937640445486344,2.035546848187479,4.569449479863824,0.2186762142713322
4.021463583573951,1.446095829694705,3.5542054480130347,3.701552701361532,1.7698678211901877
3.716687522382252,4.103581341447535,4.943243551197626,4.321715346045028,0.537091352378826
4.3842973680598485,1.7285612580358642,3.0836202469717566,2.5097488879003937,0.5798726454728934
1.0692299264346263,3.721991522475775,2.5076889996590057,3.9767972277847696,0.5374141035175675
2.2962309029270958,2.624974472596254,4.04494357118263,2.063899626217621,0.6793567711623443
3.995291877445569,1.0901074012721867,3.9118599248517,4.385695795945335,4.499540170436832
3.318938580769533,4.682267836750652,3.204829229192705,3.130090197461131,0.14063876514782586
4.13453354842046,4.84654440050763,4.878444515750665,1.587445246072249,0.12382852792502975
3.365847035721948,1.6125260840722655,3.3281059690568053,3.7605592689493217,1.5149175093575995
1.350750276709547,4.86013971252545,4.1235959345163335,1.164445313556262,0.19753718345270596
4.376418475426783,3.4145140528478444,2.532576150572696,1.6627392313786071,0.06653078458409056
3.3827050844426645,4.040741685888421,3.7362108471232154,4.268766280295578,0.3434226589124764
3.1723560480442043,3.7738380033551535,4.504733579384746,4.024500663358857,0.5753762361000448
2.853906770268612,4.021801716594531,2.460391059190355,4.331137118706874,0.18079201651967605
3.8291706600170867,1.7297162081848056,2.9948565117709904,3.5673290427501074,0.8889777747848552
1.2891308232292558,2.121724077561978,3.8051610347298346,2.6757926960992533,2.12507308496348
3.8131607513323953,1.9940540656289365,1.117470802976661,2.4544912769957112,0.06434651299798531
3.6836543798049752,2.1032538098323976,4.874171698713081,4.5236213276889305,2.099306128006124
4.0444525388892485,3.3364408108822574,1.5826246227335805,4.414276676371976,0.07816978565482878
4.913040295580351,3.8271246827265464,1.5570422610400048,1.9977691759598544,0.021424006299779096
3.2750087002202064,1.0089214221250078,4.316908159227042,1.378201885996711,2.4523442859077544
4.403128061583333,4.965517069679226,3.713584560859978,3.7468146706158354,0.15149862782939666
4.859129070794649,2.6061728889669284,1.012986953989869,4.1806731951301686,0.04137511092768112
2.9722869881234426,2.845147640736972,1.5576498183409335,1.2623637167349244,0.04052041946159938
1.0894553863913266,1.2531098918024774,1.9853328482557484,2.2719269765213457,1.6661856325101103
4.681844868819821,4.20242128807357,3.081050512745456,3.708835186521197,0.1355405063754166
4.579528619342235,3.989162697197533,2.3707108754551784,3.0505051861203505,0.07488499462566378
3.780469333113164,2.7133762102129726,1.298128167983896,4.024976582036775,0.07756805242495758
2.559783037655272,4.1587337822288735,3.1294859581500765,4.694345518555564,0.3305565721233012
3.1864261391968416,4.350172125960786,3.0614143832231973,1.9983945728797956,0.09886870980262752
3.754817064207338,1.7483523779451864,1.898181190279685,3.126597572391206,0.3124285582174226
3.9408438930505705,3.0518310902331365,1.5498999052895814,1.8288296859366582,0.0380996052224826
3.863782265873658,1.1962870066307878,1.174270593219349,2.6046571446319207,0.2067538692833084
1.6506252132205501,1.5966300697022606,3.846091021471569,4.077662075832931,4.562925651379816
4.523153054129586,2.2573771535324667,3.1988474090030814,1.3674016531217728,0.19323408787330493
2.7294511925166267,2.2798600372585827,2.1276597782133284,2.9772937628313603,0.30240187340555386
2.531592915545458,2.139949583967385,3.0719792466982065,2.1133829438556333,0.5476006123624364
4.983401408643719,4.154559579692764,2.9429341853170112,1.7147703912550272,0.05495931983326017
1.2840218830773942,2.4034314904311582,2.2758215190037148,4.306084867219932,0.9571349873817336
1.2297611380252684,3.5642710974341423,1.5408285708250282,3.2584895099132924,0.15762056411504966
1.583519094650979,3.5836349573364985,1.7518470094002692,4.728221455544008,0.22712736137193676
3.4152786706816203,3.1571540796684734,4.48641073201236,2.1398794530239145,0.4027353922672551
2.3328152963506845,4.010884371720756,4.693469800650568,2.0780268265434203,0.3882654035052973
3.933651310555892,4.9849368378049705,2.840225116807801,2.7655289455076204,0.07264716701161071
3.853708055448836,1.5447651795119488,1.7549998201616943,2.114478671070348,0.2254259117571981
4.139504417066481,3.038362789452961,4.795833608060164,4.612478442914663,0.8836597682938648
3.1559040866490085,2.0348546381313475,3.050111375401556,4.893044438677492,1.1088431213887997
4.854619952530423,4.798087799262447,2.191803850837987,1.3559633812109326,0.018552816183958497
4.556329579306382,1.1906525286616392,4.784740280871528,1.4218396426235724,1.6041030908873612
4.120141441254576,2.995030379464272,4.195034681119848,2.3917059822429843,0.3625053655938552
2.4222098542538637,2.5676531776871934,2.301629637354442,1.1896109925025142,0.125614995874994
1.989468893545042,4.503496382575703,1.885021641082186,2.2068576931958126,0.061861485951594124
2.355996355724293,3.8711251711898833,4.9981302504210525,1.4171068972860759,0.31916762753853106
3.209677582836936,2.617533920712728,4.860544703412982,2.373925670588112,0.8117851111717533
4.355127177035088,1.352552779474863,3.0453755354144145,4.874521705387597,1.8061531004406357
1.6833892001433295,1.8262421530008144,3.8025268993843793,2.471511307416895,2.0260775139384046
1.6439408229404964,2.0088573706982205,1.1815359625476574,2.5916314173679984,0.17359326326275626
1.4349357984353197,1.173170460739367,3.466297101062584,4.4381566911931785,8.594678134154861
