m1,m2,G,x1,x2,y1,y2,z1,z2,F
1.529102877577456,1.1635647632306156,1.8810245326764263,3.5214388110117585,1.2900596361123935,3.0373226830390245,1.497653335894548,3.563741854184787,1.316789864193074,0.269932454039068
1.2337657945697271,1.5137352468152605,1.7440601974470993,3.402198947933072,1.175960917348531,3.5096383109642746,1.6618742815942018,3.570048825320413,1.6193084880616833,0.26751503770892604
1.0694607447835869,1.1387147362983847,1.2519260236019178,3.1551998979379743,1.8169200726300112,3.221378209377368,1.1285430204752251,3.57610961374466,1.7411129114747357,0.15984300261707302
1.7831649552888749,1.4737981231434816,1.5770160663556525,3.1704133197398017,1.4665824907072802,3.1848328617211514,1.0784811170016564,3.702686589382728,1.231679066067335,0.3082366730994134
1.019463774592945,1.30054872932405,1.7978131370706014,3.1141139317185407,1.060034845146796,3.062851704202449,1.3060301338288791,3.2455688497647546,1.04378265787043,0.196128499379538
1.385809257275863,1.2114397489770838,1.2910561363936872,3.0715498587039938,1.6470837604299309,3.5944160273373056,1.010285817476015,3.6095724616741935,1.3107997174565864,0.15491582657048966
1.2125575243196711,1.9251885584100736,1.7605125394478491,3.93839797162003,1.9203889289876332,3.8461102748530362,1.4259123651918917,3.337859837193002,1.9483275003762317,0.34650624731945073
1.0359414192320928,1.2782715199643495,1.5209329496005657,3.746259230422956,1.0359510162965708,3.9446975177345753,1.347539867334301,3.5989075885635957,1.860014281414652,0.1176786993367062
1.1529661664722577,1.7771201694895713,1.7329983508691582,3.5633874385451523,1.1473101975471458,3.1370642723393507,1.169002540466742,3.9594693979563296,1.722859869516446,0.2413385942936099
1.2761079959084702,1.4468039546791691,1.7647769965559883,3.305551025028564,1.1932947361005644,3.85279982698788,1.168753316836085,3.566740818637329,1.432056833496421,0.200847428994644
1.9076668072781344,1.6645018132603493,1.131383684795806,3.776737377299139,1.852589974546177,3.9567079928583317,1.6312192952040163,3.3535808659587665,1.714728936440256,0.3045503654559541
1.2588448731066244,1.6789230851892518,1.5370867107854425,3.1754156185136586,1.743877339630481,3.6181413080357983,1.7655369530942189,3.009370490326338,1.7454034600645438,0.4589083401615908
1.4469062283933138,1.2419475246215548,1.6037015165160051,3.5244154513535086,1.1948288035268808,3.4071041151985426,1.4710308650885031,3.3343463407388345,1.3225473292373644,0.2179452428651281
1.6986067531773452,1.8764722325058592,1.5528223211052083,3.4817941463897584,1.9308124366009864,3.1736328920640333,1.3337861316299158,3.0576944068243237,1.4634262450640032,0.5940094438578974
1.4433953485270083,1.7523945344348169,1.1426984246010201,3.0687261272617437,1.3187068573384253,3.8043995385961535,1.9122857400213011,3.1710038731929715,1.2345535314125249,0.2781177475081925
1.630513892861286,1.8099899113146591,1.0178253725518625,3.982299302385373,1.4162643615005694,3.1840435914872023,1.8753159849223615,3.196442803034627,1.4524777280599237,0.26491710314941136
1.8290276439499011,1.7275697746506131,1.028515565631121,3.889452797907624,1.0728548375737714,3.5303887962143983,1.0098899232619034,3.1346728999658096,1.4801136213436616,0.19090295425406464
1.2085863574725575,1.6526625814810685,1.9883352444893012,3.4281088881347115,1.5594670690645325,3.0446919470191185,1.9851083962460576,3.9386682762224936,1.9259864406181872,0.4583122742666238
1.8020885873384682,1.7325008612709671,1.6478747850098474,3.8632922436227473,1.5391519193581626,3.193813543892911,1.9365463860397398,3.89645068537297,1.6684364179671745,0.4306623223337233
1.1211316437561776,1.4281633818166344,1.0853291528463047,3.9584461992687583,1.8227947865955176,3.3010280940066545,1.355896241191009,3.3481985535799645,1.1595005627149668,0.13230240982036848
1.5178374075686727,1.9976359797410832,1.0617544303873905,3.3173453882899246,1.0751381736218242,3.2396648505640715,1.4365974079456083,3.253870401304653,1.913042996145795,0.3194933757770493
1.7060781115210917,1.5699398337574035,1.9762698277377817,3.0945670705159287,1.2711658666891643,3.927731937377394,1.8486982459560568,3.732355483304597,1.227550141939695,0.38023384818676426
1.892042221106106,1.3680952556131842,1.7994893048315856,3.1102213540387496,1.5605197100407406,3.3655606326160514,1.5863860301874309,3.544851433215608,1.3291913922172556,0.4446242990939741
1.291852858968172,1.4411976539211595,1.9586410185172543,3.6918235394953887,1.2875281456341674,3.4505732027067384,1.5259988692736008,3.8974918290885032,1.9951460146237092,0.278293285105109
1.0166181305847417,1.4349555384605577,1.675154341919472,3.3538578854543166,1.5792146650757781,3.165186184347913,1.9062084870927347,3.690344709989796,1.8890898336619828,0.30627247144906394
1.1612231162818545,1.0496657319934348,1.3110977314698804,3.421955130014501,1.5056748818751482,3.2448755967523963,1.2339381515990098,3.638385967083551,1.7857965421591853,0.14335122531658573
1.1668781239941812,1.8352555844534328,1.229170059055149,3.6662433415273754,1.2870969142996902,3.7803074904703533,1.689863599801068,3.434831378457801,1.7856964195255518,0.2064552358201369
1.2820385169608235,1.0669012517137562,1.6163157251268148,3.06874968176316,1.3582356626585632,3.4225458377261737,1.4325094392147515,3.326577761756411,1.4895102792063415,0.21545927484102312
1.881619450669291,1.4255706718610694,1.3580140176036999,3.4809571621446054,1.6462002564173064,3.9093521069326487,1.8430059069043905,3.0099370777433863,1.2414820660094934,0.3384302378673522
1.6421300583140188,1.4146155573748664,1.9904492281037165,3.59420390080346,1.8578149410567009,3.3927349130694218,1.5882474540011218,3.337810064233341,1.6227934694515802,0.5019025677785115
1.7910221659731227,1.3623139690221278,1.3306616180883792,3.739529448527193,1.7746756189910469,3.4938478407911964,1.1346693274797484,3.735767195519906,1.8400692009932536,0.2493637526903361
1.6186446054581918,1.1070384425555364,1.9477335328274408,3.5449502501500287,1.155552987651414,3.0088719593904623,1.7601606361586888,3.079233943043028,1.9720092360815233,0.4108740360672253
1.1496712786678127,1.3343798075897186,1.673569736275094,3.8012318519009014,1.4002328052364288,3.0097384470617894,1.3951582398387659,3.163538494261412,1.3254010121866793,0.21849613000969986
1.826165832674224,1.8853362712060329,1.3526511293756087,3.239255658722049,1.024822770310573,3.7210788003229838,1.5672659057952312,3.556684771603128,1.80977184045543,0.3697769557865034
1.1978677810799991,1.0741350716349385,1.2406353348625287,3.6313816984832417,1.7969425537847696,3.611789203855968,1.070216747408999,3.272639978079513,1.4369277052514746,0.1209806168316324
1.341898165344538,1.1852825872389734,1.156198242870602,3.622485090214077,1.6396535374962036,3.6684417582466073,1.6045926302245548,3.93267400066008,1.968791854184152,0.15263756567967052
1.4952233422478476,1.9481913820462409,1.0627385768735196,3.060234063323592,1.7134111494624844,3.9548976959520767,1.7786064597637945,3.5413131061836296,1.132566929019739,0.25062167812067226
1.7556966013527968,1.125125246128281,1.4050760858985645,3.4297474709893767,1.4837483587148288,3.4186999742579127,1.536506848240835,3.3142294580889042,1.5270970971939677,0.2637508521529949
1.2242517422336654,1.654836790765944,1.7334669488417815,3.72610732401497,1.0417993196874542,3.4608337043928548,1.7562955194117107,3.2638039975485067,1.6815067617236636,0.2783986590379919
1.5283554989434898,1.7993345379414023,1.4403753579274146,3.025919956022202,1.75570702668471,3.5141887581446163,1.2659472618485907,3.1265197615295923,1.0550973303022568,0.3614499140995809
1.9312831692825176,1.730814434165686,1.9324052845362507,3.513559209304556,1.415860420442094,3.7694805155606166,1.1846027553276235,3.649308502068749,1.9413700659289248,0.461421760659096
1.7834133514705086,1.496757597484754,1.3051332413938463,3.637617699928079,1.2012950075970756,3.149852331582154,1.55423141046451,3.625137830220504,1.6074120576705435,0.2775329518647213
1.8122468338888005,1.3456323813092057,1.9307132813629198,3.472615723238261,1.010148842070445,3.4472693458112547,1.8238819031242175,3.876947389657504,1.6744327083044026,0.3474688128992203
1.696278946011936,1.9720174437244744,1.09743721869945,3.0599699987138718,1.2483165274858743,3.3980968267481093,1.2245009323096196,3.765492456584696,1.8763423404515625,0.3171378777165334
1.8303959718054288,1.0477445635944604,1.6628945935748305,3.28630041988797,1.2063587502466304,3.4994394678815413,1.3160599749655313,3.7601400098346716,1.3332174395766299,0.21284280505159106
1.96223287035904,1.8481374361161005,1.7278879204001367,3.5446679082558283,1.8919941960812747,3.213248260184612,1.6347136199992756,3.643304138668349,1.518284438834522,0.6434198476937529
1.1423959136280593,1.8339565139001361,1.1711680569244365,3.923369629322103,1.5189545738986492,3.5621369305832515,1.6218442779382742,3.4916780039809034,1.9631111106026065,0.2064992045196039
1.634626812300978,1.25491907857102,1.3215993065536646,3.826792778862827,1.4044876667848611,3.673076383727383,1.9832968132218034,3.44793844721372,1.715524037154375,0.2312340498507824
1.844525658214348,1.3758409593633354,1.7436816373607056,3.7939255288222187,1.230678892617879,3.6811034520460617,1.5330180454075302,3.2980966516927226,1.4969270989265582,0.306684935893046
1.445365314331578,1.4564980344744645,1.6439312169568012,3.1774780649297547,1.2750702911923837,3.7216393390801343,1.9105236384363533,3.497278001160564,1.1837657729621378,0.28247313535761764
1.1820591481862968,1.9070188212765602,1.1298010098677342,3.064030954136594,1.1893781181971832,3.444486317567084,1.6429400401360348,3.0785017745219534,1.2171524643512948,0.24908839465786256
1.958580344576461,1.5374861716385242,1.339967090988578,3.790252846846844,1.2822277885904976,3.1788399450618683,1.1402542497199641,3.0147521540463296,1.5163166119078362,0.3179359165169899
1.262553940982122,1.6647765152784073,1.5274224527438034,3.656150214353908,1.0386502859973532,3.1077551650282857,1.3665216334175805,3.7163512701853536,1.91752381722932,0.2447174695536225
1.4763167541100284,1.8618864400704715,1.575465935046091,3.479449598764333,1.8131633405617675,3.583642953269649,1.5541271928941254,3.8570070588407033,1.7539501771465829,0.3826139908741349
1.5051575139564792,1.1233538389312765,1.6132888195420036,3.93341760479486,1.120951112655017,3.166900271471913,1.832560405608901,3.5117462350629913,1.7115894647445722,0.21094959871493624
1.0314334678719408,1.6679524147922302,1.1215498974265887,3.9266292688409794,1.2323473411320078,3.6460535686049265,1.87495583331819,3.7860951437555226,1.9233193389733767,0.13915415031806386
1.4010039863090649,1.0983880520109153,1.7541025568589943,3.2638814664803513,1.4315725222616535,3.7722174357125264,1.0585058809006505,3.765852550376609,1.9971780151916312,0.19489772675834025
1.088785625066703,1.0629728639686624,1.6754510684252124,3.895866003106261,1.97376139159448,3.695361873832976,1.401146995800476,3.750098432175881,1.2241306906195426,0.1264199601090969
1.901506585893225,1.864503995050899,1.5856069346054873,3.1836310505289878,1.0662058289953182,3.4871033359158035,1.9946795719826813,3.829696888196314,1.3589007941765068,0.4386478412640207
1.169540089100105,1.2689357471449727,1.6481107008541978,3.927046955702963,1.878783642350748,3.0977032456020317,1.9875498883580252,3.2113682392769087,1.3219519459334699,0.271837141331139
1.8940892157516729,1.2059044831487888,1.5254680862476309,3.945954857756689,1.1591568107610573,3.2964962282579418,1.053171049137153,3.0808379682368683,1.2770064180233238,0.21705619211663044
1.1771896400800843,1.4524433329538602,1.9846537813515308,3.2003634587666423,1.2233108637942318,3.408856588441174,1.5646614380011237,3.722365979385303,1.5653215160824099,0.28366358424764976
1.7540687967305066,1.7066649414235249,1.7479693903952194,3.70375732435087,1.6375352703335515,3.9973870253206347,1.9339915191018409,3.41327692752966,1.8989101082266575,0.4836087715873917
1.852609972389552,1.5193068745258569,1.376587017449991,3.9459316872152033,1.5382993048195217,3.9953339126737744,1.453206255152546,3.0856296922297344,1.8881648790970555,0.28296560640503104
1.2997913913591186,1.5164223838879545,1.1956286628167168,3.633628752574048,1.5614430216129231,3.932483511553381,1.2957171686011435,3.6492095641011377,1.051908252349163,0.13097834686839138
1.7186133802836665,1.3678300920298645,1.565368233299275,3.673817922705824,1.5689011782094984,3.5610844915067483,1.9616949398781776,3.638238737889973,1.0712984775843288,0.2710155022055865
1.3437186468926474,1.7061638142417983,1.0320346450355904,3.6444389738324494,1.689555462693376,3.9773764996232224,1.8004570191618468,3.4102503035619174,1.0801067554556538,0.16912273891120674
1.673691438015065,1.0512611865542252,1.536328667562204,3.83177813800452,1.823436946999716,3.161945690868195,1.5906253431668276,3.087743836415868,1.765928816151281,0.3276673873121271
1.7002843430112438,1.6151591082074628,1.0779678753185855,3.3090948805817755,1.4122897312681235,3.352329171218696,1.825862560794348,3.258081161891577,1.4728596940038945,0.32477806481764376
1.3681905753876895,1.901465741729182,1.3902185111371224,3.181503953704162,1.1278222081935576,3.6648533254222766,1.8979990032201768,3.895134184255572,1.50234906648972,0.276831358308583
1.9793512156927364,1.2893953630760169,1.5439000320966678,3.763959758658519,1.3437381089537683,3.7162468907073705,1.5299441450540705,3.995914764888617,1.3032607375500214,0.22027831225155287
1.0382723243753342,1.9980947577314117,1.4148023537682954,3.3785547888149465,1.6120263928234877,3.4640077561667835,1.215574018070789,3.3619520764775803,1.7418966093376207,0.2717521414741298
1.8726297717986555,1.5097729378308948,1.782935173523856,3.5652504306710364,1.0278185427795463,3.8786680288550865,1.3994994334225757,3.056725690132302,1.1690377622592814,0.3121583141974415
1.12034576036947,1.5561985733165808,1.2208254577465452,3.489521155892698,1.6307996674062877,3.98016351219054,1.7567035589360482,3.2460122230330493,1.0456057952971023,0.1607567771521427
1.3075171884975119,1.7929235303821471,1.2607238989710394,3.0748842200543254,1.6695774701160628,3.9508993940495087,1.8241934317094723,3.302597614743953,1.3868230039192309,0.2906668002208032
1.2681909056383072,1.4994732005015332,1.6676983399718983,3.113279025556332,1.9978957499075465,3.1357103566665017,1.3712813348432549,3.4762581207715213,1.2374712977968745,0.33847489340921944
1.874391669794809,1.3944000663021132,1.925566862851353,3.0389217094784247,1.1623242495094064,3.7904242711530554,1.5699095973991215,3.780868892173377,1.0919299465514398,0.3209117487415824
1.8213778144331163,1.5485767529705792,1.107475480922081,3.208524971020564,1.7396549184779635,3.6638665067844083,1.2209342362798628,3.45207531196134,1.7558567768719882,0.2839026307244647
1.6455279042430382,1.2358620766963844,1.8838270973839493,3.8613420856938396,1.531585557546436,3.2392752492738333,1.2809284552587523,3.733118608747251,1.523681297671804,0.2708498938688535
1.1070925032983123,1.7670428203287627,1.8997238265018888,3.831494799342941,1.2956845434512991,3.04839088143734,1.7283534978207735,3.006525782342768,1.0871419466367065,0.31343790630076396
1.3045295600878064,1.1883924581685008,1.3011832935006078,3.512262815305174,1.8585500735932,3.08988269581264,1.6491442261832527,3.727120989314751,1.9455484181401537,0.2526416164294121
1.1135339819990282,1.9440387547821656,1.6879667681071835,3.580581562134072,1.7890398642377887,3.3191561154636715,1.7642613759392534,3.798234170722428,1.6139261642128775,0.35139916233602275
1.889850328619271,1.3541496009182703,1.3373069479021131,3.07897926352019,1.5339423714631484,3.240016647450761,1.2690718858882897,3.706032995998779,1.3660229087501756,0.29132855254781465
1.395081588890711,1.7585772629777847,1.9468811941187911,3.3985468514273487,1.4265008605177087,3.1034418802108132,1.3924048043415729,3.6873557326285455,1.6121862188630331,0.4294185956137721
1.5287150658985,1.27833828479817,1.2265940301688825,3.4264307781649768,1.1684629443999852,3.96573626019594,1.8091576517449308,3.8323910897896334,1.5052176408667894,0.1580633441003454
1.7510574352393218,1.3430374631945865,1.9011881947127733,3.1488950390568355,1.506638712171762,3.351503915153024,1.9041358408760116,3.31325937360122,1.9041339396680368,0.6596949520280223
1.1734818982130495,1.4335408486797383,1.2776289725957757,3.719352797457368,1.6507905950266275,3.5198232338172084,1.5736130434833724,3.1955580691475824,1.8626642458993323,0.2183488730697726
1.2609821139071529,1.3015592113302807,1.5846948240348957,3.111880081387425,1.2850138586891822,3.8980365254550895,1.7353137864995087,3.1328554171685727,1.9372226974915865,0.2753889691165497
1.0308495673218048,1.0646409460976778,1.755233892350866,3.7148465166533455,1.7050080189698789,3.4021272225163584,1.426641747282113,3.032870813552869,1.9303479818195464,0.2103556320001726
1.4176790886163544,1.9534531026850548,1.2553606361387135,3.1181335342475487,1.108370430913141,3.3736906585511783,1.1677140397485448,3.0426464150889245,1.961744952673292,0.3451078787878589
1.1581718761136148,1.2375657922202503,1.9791675559155248,3.558254936125452,1.038038022757505,3.5552382320563622,1.8542586590077696,3.5362695270122853,1.189978883391512,0.1923245227312275
1.7002226641084852,1.5684450421036809,1.3203740256463536,3.4955097715665366,1.5170616750238692,3.0357672664730484,1.2283230839791606,3.7183305378119984,1.7437061862473957,0.3177769665296273
1.3254735464310148,1.5562087824078668,1.434682607081731,3.2959476233296425,1.9325781601026608,3.3787831758452813,1.1911286592194426,3.307474529434678,1.6757285611757011,0.3179622421876629
1.6913950021515394,1.7342751156257008,1.2982212987198438,3.7510004684140053,1.4614675908690349,3.5139583696139107,1.5829058218677183,3.3786458054208035,1.1458469448017108,0.272860698866172
1.438423287657261,1.9883394187843264,1.699710045264646,3.9584640047658097,1.4513021479976842,3.427620960126581,1.8946607247062368,3.4662203460690897,1.973459882926756,0.44746168919401136
1.6748819173852787,1.2028866738722876,1.1451384107964344,3.439010027480909,1.4217004480830486,3.4578626866296096,1.9667428721856008,3.920719596534578,1.7379662085477718,0.20864804377107102
1.4794363974976614,1.0660636545513489,1.2367440049547485,3.064987188094013,1.2317760320009563,3.6986476231408147,1.8176031839242424,3.4000656197499586,1.854293581628509,0.20999948154104706
1.1730209358919683,1.4406831358366925,1.4112453940006455,3.7570749399900207,1.295664506367051,3.1871041819769435,1.0466094321427521,3.3903283304642797,1.0498759733329273,0.14796747392130086
1.6961971450425692,1.6851673494872823,1.1795667097920453,3.145284910131939,1.0865095345731508,3.0473214852470942,1.898442515911709,3.005486511792701,1.932477244138616,0.5024935540618363
1.3676632900328891,1.4148329668539632,1.5924717327285831,3.331240427942813,1.8660156366451561,3.8590027033665093,1.4006321240924806,3.3208142652396,1.8806281675858196,0.30020216934239524
