q,Ef,m,omega_0,omega,x
2.35,2.17,2.4299999999999997,3.69,1.7349999999999999,0.197867660214918
1.95,2.41,1.21,4.51,1.5150000000000001,0.2152347576539412
2.73,1.63,2.9699999999999998,3.27,1.635,0.1868258786400731
1.75,1.69,1.57,3.79,1.775,0.167990561514913
2.23,1.49,1.73,3.03,1.365,0.26246531010878305
1.8900000000000001,2.49,1.05,4.8100000000000005,1.845,0.22714286257274005
2.13,1.19,1.27,4.11,1.455,0.13508065249438955
1.65,2.13,2.63,3.07,1.855,0.22331880045492986
1.15,1.45,2.59,4.65,1.685,0.034276365214393846
1.4100000000000001,1.83,1.33,3.77,1.595,0.16626068819572795
1.11,2.69,1.37,4.73,1.055,0.1025165505956592
2.39,2.27,2.27,3.67,1.175,0.197712245957343
2.4299999999999997,2.31,1.15,4.47,1.915,0.2992048348874555
2.27,1.79,2.45,3.61,1.545,0.15579878919766815
1.49,1.27,2.51,4.27,1.995,0.052894898921804885
1.05,1.29,1.17,4.37,1.625,0.07034959659414465
2.87,2.15,2.09,4.1899999999999995,1.7650000000000001,0.2044469150586518
1.81,1.05,2.55,3.15,1.045,0.0844002296192514
1.51,1.13,1.51,3.49,1.335,0.10867605159708112
2.0700000000000003,2.39,2.1100000000000003,4.29,1.385,0.1422242946236073
2.85,2.5700000000000003,1.6099999999999999,3.4699999999999998,1.705,0.4980776375840024
2.81,1.37,2.49,4.75,1.505,0.076170275220347
1.29,2.37,1.8900000000000001,4.67,1.665,0.08497382277204647
2.4699999999999998,1.65,1.35,4.890000000000001,1.035,0.1321704570813897
2.49,2.25,1.63,4.63,1.565,0.18101829552155166
2.63,1.95,1.95,4.95,1.075,0.11264890911524561
1.73,2.73,1.47,4.390000000000001,1.495,0.18858032513545558
2.45,1.3900000000000001,2.15,3.23,1.305,0.1814405691229363
2.91,1.01,2.91,3.41,1.675,0.11448034706814131
2.9299999999999997,2.63,1.53,3.89,1.395,0.38195869109742037
2.5700000000000003,1.9300000000000002,1.19,3.65,1.355,0.36287470790683846
1.01,1.97,1.67,4.91,1.085,0.05195776985171752
1.31,1.75,2.99,3.73,1.975,0.07657824101183355
1.47,2.91,1.65,3.31,1.835,0.3416244772176975
1.71,2.0700000000000003,2.87,3.01,1.375,0.172027233198413
2.17,2.45,2.05,4.03,1.935,0.2075283732789995
1.87,1.21,2.25,4.23,1.7850000000000001,0.06838013653286308
2.67,1.23,1.11,4.09,1.225,0.19429673328300645
2.21,2.19,1.13,4.83,1.095,0.19354367546733742
1.83,2.33,1.09,3.29,1.525,0.46029844912002704
1.9300000000000002,2.75,2.5300000000000002,4.45,1.5350000000000001,0.12024492832748089
2.89,2.05,2.71,3.11,1.345,0.2780289341795184
2.09,2.67,2.9299999999999997,4.61,1.205,0.09618848661667985
1.25,1.09,2.5700000000000003,4.87,1.955,0.02664784986200447
2.1100000000000003,1.71,1.25,3.39,1.135,0.28288076833555886
1.09,2.1100000000000003,1.31,4.05,1.895,0.1370372150717878
2.51,1.15,2.35,3.55,1.065,0.10710397791650665
1.45,1.47,1.79,3.43,1.465,0.12379897677227142
2.59,2.83,1.5899999999999999,3.81,1.795,0.4081674872742104
2.41,2.4299999999999997,1.01,4.99,1.425,0.25353956886562407
1.27,2.21,2.69,4.6899999999999995,1.5550000000000002,0.05329343664421825
1.67,1.8900000000000001,1.49,3.85,1.945,0.19188613114763212
2.0300000000000002,2.99,1.69,3.9699999999999998,1.615,0.27306524806082894
1.33,2.0300000000000002,1.3900000000000001,3.59,1.875,0.20724238802658046
2.95,1.99,2.33,3.25,1.9649999999999999,0.3759773919135848
1.23,1.85,1.87,3.09,1.725,0.18514257106890422
1.43,2.77,1.9100000000000001,4.71,1.215,0.10014906626342578
1.85,2.9699999999999998,1.03,4.33,1.245,0.3101636600892486
1.9100000000000001,1.51,2.77,3.91,1.325,0.07694020020285071
1.97,1.81,2.81,4.49,1.2349999999999999,0.06809449402486664
1.17,1.35,2.0700000000000003,4.3100000000000005,1.585,0.04750058614505337
1.69,1.43,2.85,4.97,1.575,0.03816176497728771
1.19,1.67,1.83,4.25,1.125,0.06465228110306265
1.99,2.23,1.4100000000000001,3.93,1.905,0.26636241197025246
2.29,1.33,1.55,4.93,1.195,0.08589318873034382
2.19,2.4699999999999998,1.71,3.5300000000000002,1.8250000000000002,0.3464663806219782
2.79,2.01,2.73,3.87,1.315,0.1550593462004332
2.6500000000000004,2.79,2.21,3.5700000000000003,1.695,0.33888953345966927
1.13,2.81,1.9300000000000002,3.95,1.405,0.12072026845422991
1.5899999999999999,2.55,2.41,4.77,1.115,0.07821434518318922
1.57,2.6500000000000004,2.75,3.13,1.7149999999999999,0.22067981503048076
2.6100000000000003,1.57,2.4699999999999998,4.55,1.475,0.08954493697674394
1.79,2.71,1.97,4.15,1.925,0.18217123312910938
1.6099999999999999,1.55,2.13,3.33,1.255,0.12314606237011262
2.15,1.07,2.95,3.35,1.605,0.09019056996921591
1.53,1.4100000000000001,1.81,4.07,1.4849999999999999,0.08300177079485949
2.83,1.53,2.19,4.35,1.445,0.11744490325188243
2.33,1.9100000000000001,2.31,3.45,1.435,0.1957211188894749
2.31,2.35,2.17,3.19,1.185,0.2851856533780756
2.25,1.87,2.67,3.99,1.815,0.12481057325763273
2.71,1.17,2.83,3.51,1.2850000000000001,0.10501469860500806
1.35,2.89,1.75,3.17,1.9849999999999999,0.3649610711698644
2.01,1.03,2.39,3.21,1.165,0.09681976216538522
1.03,2.59,2.6500000000000004,4.57,1.295,0.05240971451985286
1.63,2.5300000000000002,1.85,4.53,1.025,0.11448914487007168
1.37,1.77,2.89,4.85,1.655,0.04037177343753327
2.69,1.6099999999999999,2.01,4.43,1.145,0.11765268775261507
2.99,2.6100000000000003,2.0300000000000002,4.79,1.885,0.19825230755629725
2.5300000000000002,2.9299999999999997,2.6100000000000003,4.01,1.755,0.21847501425039667
1.21,1.73,1.99,3.75,1.745,0.09547646332201283
1.77,1.11,1.07,4.13,1.865,0.13522440328670254
2.05,2.51,1.23,4.21,1.015,0.2505909103388718
2.37,1.5899999999999999,1.43,3.71,1.2650000000000001,0.21663942001827755
1.3900000000000001,2.87,2.37,4.17,1.105,0.10411070998184235
2.75,2.95,2.79,3.83,1.645,0.24306081048159112
1.55,2.29,1.29,3.63,1.8050000000000002,0.27740549080383603
2.9699999999999998,1.25,1.45,4.59,1.155,0.1297423278053928
1.07,2.09,2.23,4.41,1.005,0.054388818361332365
2.55,1.31,1.77,3.05,1.415,0.2585228824384315
2.77,2.85,2.29,3.37,1.275,0.3542577835549561
