n_rho,p_d,Ef,kb,T,Pol
3.0232519439623036,2.8022719447595628,3.9927250280229316,1.69548189435277,2.7872329346222706,6.686157834100295
4.711885521116893,4.0954355726710805,3.799153618921692,1.5559221002309809,1.4262552977554628,45.099882105407296
2.4899977213290048,3.414786154891388,3.416006252615249,4.982721318721693,4.66134932108986,1.4234595407612416
4.6505572763617025,4.281115772075632,4.921455505320777,4.690372626646521,1.6372396433436842,18.208394414035737
3.0655144974494313,4.6957812761169615,3.921241129882338,1.4000498054829815,3.861819411592335,16.34127511699547
3.8359680200627526,4.0895912757798305,3.6172318271084,1.283824431411905,4.3915921505524445,13.720256849289436
3.2868857568708925,4.5492926304747785,3.6076878083082593,1.6780764945866804,1.1107641404332562,43.888066228743725
1.1629496499904994,3.4797861922317117,1.0378849049634034,3.9135267337178985,1.3514059174100748,0.9211701428576429
4.537708773906989,2.7013981200870663,2.9043378511026114,4.183448564454183,2.5102303759187,3.0527530390639623
3.0329294037853343,1.1070819599747028,1.3700426669839765,3.8916897362313496,1.1236096198225156,0.388222792782916
3.7794740609841866,4.70008843280204,4.263668385423932,3.9847516481658034,2.7008366669108397,11.025695958449989
4.55710735846505,4.416749145240816,2.7314781617417747,1.277793520369504,2.7965059359289612,22.65138586222424
3.681558298506968,3.068699247618976,2.8220782848120853,2.2833154996746687,4.6815353624347775,3.050941672989285
1.5360806959328697,3.2819080866996857,1.2413435640230643,3.9356349676056297,3.945631905970416,0.4408656114865071
4.391253941295312,2.9216861747234786,2.782167417854392,2.5969850673450505,2.653436642155207,5.044748437919167
2.60566512314245,1.2200066275138228,3.3521132909278535,1.2242651313166064,4.6455016071482005,0.7619602542612542
2.6258632085288864,4.441888985626914,2.3321645023541633,3.192248463240288,3.389590096061481,3.7222158663965903
2.602052789830813,4.949899894947204,3.6990870480194067,4.957734451486834,4.41801086782479,3.5889895253398727
2.607600105368017,2.8210377340940362,3.5831214117570176,4.4649470297991725,1.9588646409743524,2.8338594838683027
1.2765401330842905,2.9066586624191304,4.40178171718699,2.7517873941638977,3.339415319164724,1.7220449250913952
1.3582816451737534,2.6155542197636312,2.037869717791166,2.786206640160924,4.175593300892665,0.5425514551310976
1.9256238941778732,3.313250654426335,4.261309020396618,2.5778415217645647,2.2367931425799465,5.207386207533308
2.3086620676731155,1.9627321598425864,2.2266431302088017,2.0008054337730017,2.672828605064536,1.2343429421499321
1.8814048948719897,2.2898088208652805,4.297185580806904,2.101680670361573,4.380086104149706,1.5349498643820012
2.6413172903121613,3.2433236158843446,4.588846961205976,3.467288717464743,4.937872314927642,2.4822961883008072
2.6129169030177475,3.6613315519406893,4.752551905974139,1.7731213774538728,4.0901847324066285,7.651171552406424
1.4691471091708936,3.835856168240768,2.3489584295512804,1.3461212207725302,1.0105948214688514,12.44178666589397
1.3918628715364854,3.343796329099366,2.4493455207308354,3.3632576033981096,1.7294605223660628,2.184409702104197
4.8265744687654335,3.403602438065576,1.470554971761378,2.064846245252636,4.849916028858076,2.7368735652521603
3.4850075259646216,2.5858091882574485,2.1063510379090298,2.756109089131695,1.6939171719286334,3.5044316282937764
4.760009379011871,4.0065775547879925,1.8786007722095133,1.5386311642257064,1.0044838281148452,30.95926802074688
1.0811939093491718,2.9454723583776232,4.677775381073715,2.2491945851641346,2.795840237758939,2.3259063394634487
4.67797403727546,4.991703872478848,4.71350997766308,3.98400228625094,4.940792915316882,9.303843132963019
3.416954047126726,2.1417198616732493,3.9057970736209904,4.829230667200214,4.525218540851436,0.9337602451391798
2.6486953534092517,2.655273958097047,4.437707205884945,2.52207248290654,3.7607502011806786,2.9124335184511834
2.190049222422185,1.848102023288423,2.259197460097796,2.7825302746434697,1.7071611787665502,1.1858350228851584
3.1874858842785647,2.988749647706296,1.4705701310174328,1.6027999566000344,3.990988676533819,2.1818857929237967
4.7404792289434345,2.047305529577432,1.0713038093949128,4.9965564772369975,1.4989839292199043,0.9473515801987796
3.610671226848234,4.476898511888907,3.2093474298971927,1.1977465658331607,2.3309898561255027,27.72889770801061
4.185782264832702,1.8655746118912844,4.078399211096631,1.2230842080063549,2.2034569619748616,7.348681546908691
1.6587677757825203,4.120124254525372,1.8132458332255963,3.123736246940875,2.806584370862473,1.941284518926914
3.407429785478468,2.360855065190962,3.8017078078400672,1.8960150288741515,4.6336810771894354,2.7393979921509395
4.398159025861228,2.960283071001081,4.988500781158646,3.391946565904348,4.636765133032332,4.074948281033484
2.087818242192641,4.192133325513522,3.9345991647110985,4.771781625433642,4.462944400087019,2.2596442169272777
1.719083040202281,1.7333340463625635,4.816276186475795,1.1249281867529333,4.46093533652191,1.6523452363068962
3.258235831590164,4.613720821374551,3.5080715910226896,1.631581624946199,2.483104532525336,20.01836129832908
4.944649909888796,1.8583384877116609,2.4850894910508576,4.259670385231665,1.058488262089364,3.1372124407374584
2.990351223071724,4.25798054900099,1.1815850448680645,1.1658719143213774,3.238915437977376,5.654872631398815
3.9679114448285335,1.3376079061153847,1.4680400623179124,1.2212768409035415,4.4564300014346125,0.6383150247241425
4.936233238362525,4.58266270852395,1.517267627614479,1.5139133034117975,4.2587225393276,8.131900290377176
1.8924275885198587,4.861458361934281,2.707610071779337,3.9183428355772714,3.444740578953529,2.990599970825065
1.0111728930103192,3.048471025090082,1.3173724044736397,3.4322675449817512,3.808320902684133,0.315690998516445
4.657269589635224,3.829638652924925,4.756172711877482,1.9509532376025456,3.612040070897277,15.366816897817314
1.638656807238252,2.328414867338102,2.1153837861326146,2.0502435134282417,3.384495220424332,0.9027703743548432
2.6848181593718987,3.7996081808551487,2.309559705878174,3.3820454820959975,1.137203401509844,7.758590855066795
1.4846858436685668,2.652103256693887,2.4933319017679887,4.5236594767943865,4.623422131557897,0.41497392758222107
3.7427919105159937,2.963731147759445,3.3384788792371136,2.4814247586521256,2.750615029733922,5.360061176946428
2.9827951268525625,3.623679807792511,2.115206862526481,4.559250290810064,4.810049501326564,1.2592491565796575
1.4935910718004597,2.5758730825231173,3.5838835943348766,2.9483690820358213,1.6863941236255355,2.3810709826440317
3.2563881850350875,4.807527759514858,2.3300605320872947,4.465983603141781,4.538399759932753,2.8840703426510483
2.2725039072061923,3.9604798548308513,3.1074611633996336,3.7716090948555534,3.1450078625321645,3.1126930842651785
3.6409950522670567,3.2661988743610832,3.1882750938567184,2.3302406661776898,3.1272238551816125,5.664741844052299
4.191521099182371,2.589636897774976,2.1931172823561127,4.916926167459281,4.345296365997553,0.9617826061802452
1.622373842882383,4.026334974748698,1.3076211659706556,1.669230577336038,1.9692996536241965,3.487412290352476
2.340631819093967,3.5681761423745932,1.9895167356026,2.125653317835848,4.960541528727172,1.8742628284844751
3.988319839945909,2.346307543920627,1.1323672496764834,3.6896664918173694,2.236554500957796,1.004290375156568
2.1134070390176087,3.67120146213736,3.306921686721065,1.3353086698546957,2.063802162413704,11.393378056885345
3.3142697834891033,1.0561183498125977,2.5476159649081334,4.6694721555844385,1.9472162245532452,0.3452580169612538
3.0350287555973106,1.3777304000307458,2.4921178284170917,4.773311489702817,3.8583587449027608,0.2598461156809849
2.737086846799444,4.764480186313597,4.873846809231281,1.5411362513671782,4.086558840374732,16.027709240932733
4.161616235585768,4.953752866589522,1.6345138436531728,2.628777655647365,1.26551320990328,16.725438528999266
1.8942722311493003,2.0121081211269973,1.8691221105833828,4.671007025490772,3.0348638662215883,0.337063484069848
2.036566497125328,4.0359955424267575,1.6561551720353782,4.624505966024185,3.2709314211308373,1.2107178309271602
3.7903790974135183,3.2641331377911817,1.7101488901964772,2.224183171995052,3.910904825731044,2.646569161711012
1.095260595841733,1.5408076703997726,1.82831567531836,3.0060652689016774,4.456133304978347,0.11830079815860654
3.7626184767762165,3.8813219629181672,2.0619965980964188,2.266639721951113,1.6951468299202632,10.139730120428032
4.442272988425566,3.019067452522102,3.4159108712430903,3.348588944685455,1.737133816470951,7.925762199539906
1.5031625784917897,1.2537117051319735,4.580350883602279,1.6816651489715495,1.475736270737087,1.4535518742021394
4.0781569138079625,2.378176859353946,3.503160837887163,3.951440573617512,1.6325630341002917,4.175088048882324
4.980809156884787,1.921235672320413,2.0348368474438927,3.7859597418147684,1.0688815100943838,3.081512741538376
3.3310590129358464,1.5570478660560152,2.402318005586866,2.8961017992038935,1.3509524192820157,1.6528811195712585
3.3245946468366454,1.8983471905972324,2.5057668028756224,3.4210941490207945,1.2213886824471754,2.3949170065879013
3.5305736448306164,3.117365471831992,2.0199471107650893,2.868272287194414,4.164716229631373,1.9338984617274757
1.1750036807456603,2.602875096669927,3.8758141812118327,4.584324511894673,2.198716512366817,1.0203354732910674
2.7160033158369408,2.857817569421422,1.8579681075602967,4.591029286622955,4.523179316379107,0.6615496308399006
3.5961819062998277,3.711937365267148,4.500775451334415,3.100732212347918,3.290518070922836,7.285854272578628
3.322519347522649,1.1028659382316497,3.7523525137437246,1.0567858761553135,4.6959069439166745,1.0185652615190417
1.9894362218092525,3.573163757698527,1.4962671691641205,3.3672297549177403,2.8112819263310294,1.3382788136465549
1.726764907747426,4.7595683795928005,2.17807890587884,4.165770517059985,2.670317851471244,2.5530681548090413
4.9034268331755735,1.2605504238215692,3.1293219785521984,1.4606273701342936,4.660501110999866,1.1939251211443591
3.6127712184749132,2.5419344114349003,1.2219204013704736,3.0491063749643703,2.4308848643753187,1.2827848936158828
2.870948366423562,1.5121341262223067,1.858700931446851,2.086547140184208,2.970160598989942,0.6562754216976872
1.861326883799781,2.9306819567462385,1.803514089827164,4.064017570547653,2.3743385920452766,0.996001717941152
2.825675636722261,1.1151645239432164,2.21131558268852,3.5031653067978605,2.0378355525262144,0.3628272547006642
3.1070245092412097,3.3471200546576516,4.87859213306314,2.470393956844513,2.1334806765262333,10.740032249344466
3.2997686456318522,1.1302176034478624,1.3634321839964887,2.615129641909302,3.146085099885944,0.2328392670472864
4.584001663832708,2.2113887426859606,1.6768242029460945,2.4157801930771816,1.6430911309358345,3.156619005606029
3.6821777732284438,1.3467498034775502,1.1046089672546089,3.4442212294321037,4.270921264782318,0.16716805871191495
2.927398835521207,3.5987483765977317,2.248239994416908,2.493052833810156,4.53280614894496,2.5142452922036296
2.0785134906370755,2.0524901222434053,3.983678613586967,1.6717798019089951,2.646833667866702,2.6276790248073763
