sigma_den,epsilon,chi,Ef
2.429682241111978,1.843444256753016,4.908519155224145,0.2230698225885629
3.570606356056686,2.0236815702989666,2.3387981787350096,0.5284569686636393
4.723783536310808,3.467208322545172,1.5791678455991645,0.5282389803179603
3.3833040636675773,3.3728718243563853,2.9120367167035446,0.25641195542255163
2.2127940321371438,1.6090891446897806,3.5170022160739407,0.3044462176398029
3.91270181116211,2.38955382471055,1.2153689669745744,0.7391181483974293
4.286516775357591,4.221659183576653,3.96285013745809,0.20459272981044865
4.265966603399933,4.241778836127024,1.2919290146564255,0.4388016659107936
1.864822391497772,2.1733208502977504,2.339045929026179,0.2569752136713362
3.498435834273017,3.227642180333255,1.650803757030434,0.408894202504604
3.223629559955031,3.279096707738783,1.491160649712818,0.3946291564670257
2.5070637893030274,2.5554169425788262,2.3599439371944513,0.2919924239551768
2.154172453355653,1.6086818981110107,4.602620784329357,0.23901164727215435
2.876243727398858,3.56304784661631,2.8785427218539112,0.20813036731634146
1.993863582307576,2.6617189028976527,2.3535867502165098,0.22336941516756836
3.853538051650933,3.2883231063326823,2.087851448646548,0.3795148452639551
2.2953891306029144,1.1882371659129252,1.6633531749167567,0.7253112748464926
2.6551447877401206,1.6267698491583058,4.509553471953024,0.2962413592173143
3.764048019358992,4.098734824212868,4.9594849602883935,0.1540978592450898
2.522648413158127,1.4184787425887664,4.565250144901487,0.3195576397139991
3.5715156526660468,3.0572506705267224,4.174588651059152,0.2257593142448549
3.288523319299628,4.092969211731261,4.579694310317767,0.14399653499928725
4.555164582237425,1.1232293983620516,4.3110378397348015,0.7635829379318204
3.1165910533651964,3.294884034874409,4.922474101520889,0.15971162018497362
3.3460093731506837,4.744559753491512,4.589801847768506,0.12616381698543924
2.9309651089640134,1.5196562682714316,3.92918498280254,0.391282266997004
1.1550153074910936,1.3958561241542229,3.6521047153387527,0.17786790994524418
4.719275705461287,2.765803292046389,2.5507247645838445,0.48054830716866603
3.7376996675900216,4.244265369216372,1.819353105342266,0.31235783222611563
2.8577035528675467,3.6290512611335526,2.766669117113284,0.2090579082541058
2.4973650712685025,4.9104220064817685,4.134927608597536,0.09904416397591814
1.996646525711504,4.099615760093375,3.724795529906608,0.10308014339808408
1.590414653430786,2.1023634070618047,2.3987053840448347,0.22258149762090515
1.5713357603157312,4.662665435806573,1.5223256209441098,0.13360834629429358
4.14438927851978,3.5985796430922266,3.6171466245146746,0.2494340602833725
2.973605261333027,2.650759957719163,2.1361250113632275,0.35770050137772397
1.3004175346494464,4.143752856348989,3.0511342232250347,0.0774662154074289
1.4970930917458585,1.298799418942204,1.2280037297271928,0.517357568894063
1.4766155664070977,4.4838609050938505,3.379281622336032,0.07519906417549943
2.156284663670317,3.9131220239045112,4.03104006450121,0.10952794197700597
2.021422825138731,3.970233380194628,4.64925928126682,0.09012590133577206
4.73106058857682,1.241178987779764,1.1263049807881451,1.7926625204438742
1.4211089831121737,3.035969168151294,1.120722787642081,0.2207222552619438
1.1267300097165114,2.9623286025105044,2.9378797318027536,0.09658822423425864
2.5323861272906307,4.427229752580484,3.88885589574116,0.11700128435991075
3.492905896718017,2.355862249940881,2.781321053375992,0.39209692779233374
1.3216439202150032,3.9345781530808,4.025057057710346,0.06684597911312637
1.5627052583653924,4.120719696452687,2.1377103384047134,0.12086238257926325
2.329287614365766,1.089183164293051,4.505921722453499,0.3884115760024257
3.932692288701508,1.507526808026297,1.4364659011948606,1.0706920673401914
2.0427172234042,1.0762454331789186,3.319516364240551,0.43940177347060094
1.1907631193224888,1.8183508483167925,2.8092828200831197,0.1719113194201006
4.309109125478715,2.996573918342212,1.4813515458600683,0.5795277012195069
4.3591797460658315,3.025857691099239,2.830941754259124,0.3760544473386837
3.4982883951741783,3.989661512772786,4.562005936535958,0.1576478710080138
4.817639126034313,2.4337672450258867,3.2372551704012453,0.4671653304001827
3.3204618951512943,4.535173571044846,3.832505847076295,0.15150682580258024
4.198411114977467,1.0312268844102834,2.4213692188798315,1.1899556971047955
2.488069613969886,2.3131715307349845,2.0315204791562893,0.3548086363080589
4.116065791967337,3.928219904724279,4.101937872341575,0.2053767846278735
1.0177481797633368,3.1958289995722367,4.0323499708973864,0.06328284054017515
2.8424291021542443,4.866943421699659,4.4841524113664635,0.10649367822700273
2.2238901415911,1.4188587355314093,2.969679178563279,0.39483783499969344
2.437588231564808,1.7715405235799278,2.8812976995838304,0.35451310861861257
2.749362307906474,2.497641825528396,3.7522869010384583,0.2316323239057547
4.656095611040247,4.016179539200594,4.264248675594598,0.22022791847269974
4.6903803631936185,2.2278879015264548,3.5855516393274307,0.4591167519911058
2.3069057201394787,1.8102009221767184,3.4780474939858417,0.28458654863654675
1.748878085753358,2.386159282948003,2.6122940737498728,0.20289764513076256
2.022385803684025,4.011860752212105,4.327565691552232,0.09462139441997153
3.140937266362453,1.5962395786496648,4.451884957056522,0.3609229550273025
1.020826409844628,2.2053670492583146,1.7850934970612389,0.16620008306376588
3.7139816946663036,4.493230508710607,1.6510258878755737,0.3117935243612346
1.8045145226412689,3.7718247736568924,3.951968077088949,0.09661199196816653
3.5501642134125517,1.1986920904548215,1.3786761868895523,1.245103567253879
1.4676173369161236,4.775135306397991,3.5391438623367493,0.06771006082924877
2.8518984378658967,4.070989127666349,1.954197782288425,0.2371343920038881
2.950129915237538,2.716605767344097,2.1180025610146918,0.3482876344031035
2.6325123616561887,2.922968681657432,2.099497537510888,0.290572802085409
4.7118601411658165,3.0211659666127018,4.672923939804259,0.2749228558378858
1.3116877351234306,2.8352070740141944,2.1674063506170205,0.14606356312728416
3.634645781759107,1.9444173493436108,3.5357202699087185,0.4121225160326222
4.8017230634846335,4.6991118170770125,2.742178874751092,0.27305918311366145
2.6747774988732482,4.719238908431609,1.4108032762607636,0.23510070114738135
3.7241578111882143,3.0991346000543984,3.621882624024044,0.25999723246191797
4.300088410852247,2.2007299527217032,1.3128111596526248,0.8448321961779406
3.4177928077957223,3.826302807128231,1.226979919163333,0.4010976284613144
4.299071060180762,4.184450405170882,2.2112945936080224,0.3199307990411208
1.2263302774868063,2.837781996507992,2.2941378854827983,0.1311857455927935
1.6903960167306047,2.8055087632547195,1.3337441788641282,0.2581805867065359
4.523467756863789,4.446121046847235,2.242089934212462,0.3138088294403523
2.0858111014991167,2.694259562111792,1.4469002584919581,0.31638746945665497
2.9326061123006983,1.7662421742057788,3.835440830449972,0.3433740030151847
3.8011451357292096,1.8827746815724544,3.348785010810325,0.4642459936007871
2.8520381511161257,3.693850260022239,3.9588011371303327,0.15570385040263374
2.6589874162047566,4.5885749341475615,4.132209597041458,0.11291043203822065
2.2756098898266788,3.7885336790162616,3.507773326161866,0.1332491940209948
3.247071961457954,4.396356539218044,1.896715042628971,0.2549724358588845
4.45189408232808,2.4608971020619537,1.6786505236107674,0.6753599650202476
4.184658494447035,3.5785162656416567,4.976592077335106,0.19566061357778228
