Y,A,d,x,F
4.412863649632556,4.839145267397224,2.205428114432884,2.3864763179772996,23.107522819533767
2.763378204297331,4.249120214892907,4.82010257430474,1.9077175602131755,4.647261844886468
1.5601648006517084,4.031974438736965,2.4388842523344034,1.1867129478425693,3.060854861987376
4.078219510235924,4.219767483595732,2.2612094821316453,3.0025660358829414,22.851298791607476
4.856610338702213,3.60534632573816,2.3719110204030835,1.3725207570983111,10.132130556238954
4.049268986310257,1.933551285678193,3.216635606719996,3.8700782097319313,9.419984748178381
4.8093348437862335,3.992425553672223,2.2298353665024764,4.4147908170797185,38.01536574278424
2.4794136794412682,3.289648173817425,3.9330499636660967,1.160646149235376,2.4069596903604857
2.452789597501136,3.452889378537225,1.7879777186204606,3.693912220123032,17.497154596660714
3.3848837874617033,2.9731724278224547,4.066139529573418,1.5990787580400876,3.957778055964834
2.236436874383615,2.2338236343915363,2.6431465666997287,3.4008919587845154,6.428018455690534
2.666594488553124,4.983188142267637,1.650196898163374,1.0480078333580385,8.43903958344381
2.407614413289646,2.7782556514036405,1.5576844290277825,2.1394396959869733,9.18712683183534
2.5036236028459853,3.630140000255045,3.0439089712038734,2.100445563451001,6.271510901626825
3.3588675792297407,3.515434991381756,4.864299553629984,4.852050979595981,11.778147726071126
4.499406081951344,4.028994128940356,3.3229938807089985,1.3372345208926948,7.2950767180517735
1.9447250921302264,1.8355863072591951,2.876491284853982,3.68619382398446,4.574547397790301
2.6269662226914856,1.5586043167277008,2.966147190714283,2.58965130142293,3.5746946875739583
1.4445273624355544,2.680046377070727,2.6655406249410563,2.7223775780530595,3.953949656537875
2.745460526405295,3.528699147605057,3.2300549895974777,1.8502080758558639,5.549329247462326
3.94307351609016,2.6392209375231617,3.943493709027262,4.299959927506805,11.347335044419365
1.3435879899213312,2.4799403425341278,2.5767368629239846,3.996787652102933,5.168307571569828
3.5826409472009617,4.018970055231236,3.500345052042108,3.6029350053334577,14.820526276389804
4.7805982499966015,1.7653419817074243,2.5636631837845734,4.862888712371155,16.008272250333505
2.0220604307062597,1.3111559139113256,1.3875701081842915,3.1413400095885184,6.002172587963588
2.8374444339713234,1.5444857224884152,1.2493130831121737,1.203270372695179,4.220881881193692
3.702710973914043,3.4791221095190266,2.7043535462688584,2.6329330869858154,12.541972375633927
2.6038918107569446,4.453422213398659,3.4398891445270463,3.4760941824963685,11.71828063832484
1.9981885551385596,2.1081680060257417,1.1065623261803623,2.3986348714640826,9.131244006964083
2.060489979729291,2.6858724892465773,3.964987838873632,3.1527797558712933,4.400557208876523
1.212707303518731,4.159508363145221,3.2650778580008946,1.6017771057954002,2.474608698380813
2.42210466992522,4.981614386433563,4.236248733383192,1.9482769362218595,5.549223941157838
1.5698902650311153,1.901438169294968,4.904374706532853,1.5624207246683282,0.9509678858325123
2.4833717420549317,4.271000721589346,2.3561406037473933,2.9003946813246304,13.056515128290846
4.0621455757472225,2.807272860623327,4.9646821892917234,1.0608878978014689,2.4367902756234816
3.012536524723261,1.4109600685377512,1.816081988814488,1.3367767154587864,3.1287471358406647
1.1378338547945397,3.709265349665402,1.860334447140203,4.268351053433408,9.683578049501506
1.6762007552994476,1.5452520204919469,4.491893652567363,3.147953722515114,1.8151989254231968
3.45272062072811,4.165694637397204,2.2002612531659858,2.4047767181094057,15.719885467355518
3.553645912114324,4.7456663871891855,2.8889572247366098,1.0123075449631642,5.909390901741093
4.4195332590505485,3.2867201328103137,2.4508068029562415,2.9155312424220075,17.28015978824409
1.0900515959838182,2.7759914926674507,4.980748160696441,4.820289728529851,2.928490000542641
4.657692964643843,2.372837828659583,1.2985519001058474,4.642602550035608,39.5131003473181
2.8237880502169443,3.567056124465003,1.4448094170331482,4.989294758476012,34.78328835165433
1.0385900862927824,3.4042524379793537,1.544185903422639,1.5904579111923636,3.641568864077681
2.229654024273522,4.0856032163866685,3.249138398629567,3.171134475714344,8.890785119496355
4.723690896945532,4.669359154928092,1.5685757505011408,4.020512421762504,56.53464410871124
2.113339068812361,3.0847713722164865,4.543036919185387,4.876954809567697,6.998333408061618
1.6375075760026214,2.622198902583358,4.06223157293647,3.4529495750212567,3.64984572873555
3.917586768772277,3.3753125347062287,4.453177351680475,3.264036575961527,9.692094535075325
1.2777591516243487,1.7818245964051598,2.66448362135057,1.2793705087384444,1.0931939770174752
3.4851418946139185,3.0789639185343405,2.8200887929604317,3.571740331744397,13.590710434655032
1.617696237567298,3.961545004964996,3.55755903375023,3.784243676423835,6.816925502506359
2.5569298746546814,2.5995200801237064,2.473658214069664,1.9685260156132809,5.289485850862264
2.2877289048149114,3.99863437103216,4.360982605168141,3.1556522467577146,6.619436763171683
3.4589447143729033,1.5635324975635132,4.599770102321392,3.8176482418426967,4.488593920025869
4.219863507593244,2.5475519463670344,4.595160110089647,3.9510818780575097,9.243508259429472
2.551368722541097,2.602007318294965,2.702886572670517,1.541679342750721,3.786587294433732
4.648058789533393,2.487327680829856,1.2102339517835774,1.7812011818321478,17.015638788235027
4.793851006413362,4.859992345724875,3.80793067956896,1.4292445016024509,8.744552985140222
1.4098834756058192,2.2317653049989308,1.0687825739868866,4.958771262625201,14.598776295281857
4.716239541898616,1.4044539379265577,1.731700129676799,3.8360920391759485,14.673025912080051
2.5755298896146748,4.99427159468155,1.3649032337623035,3.542132731257209,33.38118263254336
1.016492216554126,4.114101774082071,1.0275033086138865,2.1221156210165875,8.637039420470678
4.315908054070903,3.786953117623149,4.9748616892811555,3.9923248097703135,13.116167950697553
3.156476773128253,4.497145534463929,2.07595857684686,2.638517974611786,18.041843603435236
2.817554014292037,4.036824553477781,1.8406049245751324,4.8308646967973585,29.852205284648857
4.2765239779683775,2.1117818257069545,3.2223632004351037,3.7018509369256183,10.374911411804666
1.744806483236042,2.817073808402441,4.931354420133495,2.356553744260652,2.3488572531398653
2.7976581655580897,2.374806831569228,4.178590566800163,4.577951317526292,7.278875461162153
2.8499350693462446,1.1617033933644536,3.2140036109759498,2.3188031859019467,2.3886237792217195
3.6010812881973178,2.915249420933491,3.1388284848098054,2.655232197999273,8.880625648467223
3.4393531890883215,3.8680503382535374,4.155370467858045,3.4652123330254376,11.094021312066882
3.7072314481794733,1.274630547241438,3.3857199271200447,2.1298283348368887,2.972539222413804
4.586609558796638,2.4198613096758503,1.6590403247711594,4.692142561210705,31.39037502390861
3.278287162587973,1.7026193100311515,1.7721974336615216,3.649931269224551,11.495745241576117
1.2893895250193412,3.4283029457525664,1.2453946831491889,1.2852654860161905,4.561935783338255
2.5493813577833944,3.7519606232275815,2.012957536485564,1.8540404384699285,8.810035661161821
2.229208170163416,3.529273032337835,1.900224184972298,4.454609665958891,18.443387780564514
4.0408006996370425,4.98464283915312,1.5591210836297238,3.897151114265734,50.346452867238426
2.838199806081686,1.2873273091655857,1.9576391491403888,2.939790066617213,5.486755719678088
1.1827267693864338,4.30764981042136,2.1347458135608863,2.9026911153722383,6.927546822996918
2.3525586837757797,2.6870934809553666,1.9881150228624624,4.185923048155194,13.30984427018119
4.807582247552597,1.9865679051338376,2.5419768697263465,3.5415696498407647,13.306208686019962
4.4890802690964655,4.639709064765282,3.115401389330601,3.175460963531053,21.229554901348727
4.195133387147268,2.3279442369205983,3.0145233355764107,4.427948943516356,14.345057773583912
3.3092443582115507,1.194093728806214,2.4399817816671296,2.862970234472212,4.636577290719533
1.277640980116805,1.666129538420985,4.0744938057310645,1.0835652148437829,0.5661076060543538
4.979731185026303,3.2094861528080783,2.8974032819009423,1.754684789282333,9.679024057507863
4.106823113254569,2.478247953349788,3.3512549809508902,2.2227808732147123,6.750562030961883
1.005229694395155,1.5290876763920858,3.4032492872505022,4.390284290182098,1.982880668048566
2.14485370441814,4.961193290194604,4.268623229138562,3.3580948095071586,8.37122380595874
3.0922402127866584,3.3173916346072923,1.3783743674733144,4.067484105040276,30.27113082281713
4.509858147567479,3.308569737543169,3.149052480461433,2.1065113021255866,9.981299105482158
3.8658147011973925,2.0291911609737494,4.713098521824324,4.444452081955072,7.397342124124847
4.881053312755308,2.001225361802086,2.9756889761038483,3.0468637113693795,10.001728045550204
3.7220567460193617,4.6969887230527005,3.477049544705431,1.3757636448015624,6.917281621373432
4.621539504045948,3.6422187851774015,2.580347056019661,1.279037226401366,8.343682354121801
2.3955328428437053,2.2292711483106946,2.380613654742745,4.595299542279858,10.308368386246626
4.567201787988979,4.090357053893166,2.6079325390831065,2.55051862090936,18.270211105105318
