q,epsilon,r,Volt
4.921193224502323,1.5230493200744322,4.907091846111209,0.05239892769222641
1.6817144637342545,1.2301638531401289,2.2073559276964545,0.049284126833814564
2.023085829992349,4.755346835687371,1.1421473154549289,0.029641496284917395
3.7689476289919037,2.7721661892885368,3.321413040743331,0.03257377483013308
2.3130154190486936,1.191405076778142,3.4556933541362835,0.04470684472108481
2.8869519810188593,1.8953162343924848,1.8381904840330818,0.06594129929582675
4.840194742249113,1.7726473704522818,4.043369446717051,0.05373870489418847
3.5133458706643665,3.639540036619352,3.542188105380721,0.021686672466053044
1.253136157142459,1.1258942053358476,4.986010562888313,0.017763871331983882
2.1934611842109697,2.9061816278101915,3.708809822849676,0.01619432206212325
2.7973096197006737,2.7722067030203053,4.521400652527389,0.017759554729608242
3.4984168758795637,2.346950630579832,1.8417534791263923,0.0644059873370219
2.2818488224964795,1.9811276034938643,4.408331871742363,0.0207917130571062
3.1941069502959283,4.045886234066609,4.146961275442568,0.015149417805232969
3.6259799559625776,4.785523075534082,3.981550311157618,0.015143766770255909
1.8090232556518564,1.3285728208740064,2.667041274660769,0.04062741453761879
1.4553895311093616,3.6306628891504036,2.0223920159324,0.015773138415557972
1.89377900055916,4.3589237061543376,1.3074996415000455,0.026442260921424737
1.067978194373083,3.2531889088405035,3.4114307209416848,0.007657846952385841
3.646281409554344,1.9498004317567528,1.6039319159022891,0.09278210634437756
3.806310449052397,2.529655131657916,4.691331949937175,0.025523302133297596
4.327307525804246,2.0257360187375992,1.8950486323429596,0.0897025287466029
4.786328373111163,4.288641091765306,4.064696355096577,0.02184966668153437
4.1847470643812565,2.4542802726391537,1.7288643615641468,0.0784827606137939
4.704990530880654,3.9853802595257526,3.745979963485493,0.025079199737058872
3.0823699061345513,3.2476630347178794,3.441430739940184,0.02194648113749977
2.8544307652046363,4.542398989230256,1.4030523504727008,0.035641050434791086
1.755770426762842,1.034672907019668,2.7619882660936503,0.04889145469841273
1.7552207538985178,2.9180965274445265,1.1774740022220946,0.04065096883503682
1.9642250396356544,3.0569268390605586,3.8699682407159113,0.013212619648366206
2.134055850794046,2.4936633064835085,2.7413828838540444,0.0248421057118126
4.046713861044513,2.6732613935014733,2.6221798585589315,0.0459397607708983
1.5517579587336208,4.7538117246726905,1.4774692331957209,0.0175814096879357
1.911279658265992,3.08137151146155,2.3388867660069623,0.02110382194556376
1.2112434519611543,4.285287107362157,2.6667703633481747,0.008434435742713716
2.6717890812237477,4.701895522140411,4.220640253513938,0.01071373735024502
3.59280380293244,2.21096835712428,2.1708699784261163,0.05956721531764143
1.5751695628774107,3.754518586306961,2.2757242204104755,0.01467045410178351
3.5307595926113438,1.2157211871222735,2.813216963458045,0.08215255421769632
2.6860386270815866,4.908911773846954,4.519282543012499,0.0096349101504553
4.472203976085933,2.5623661794791155,3.8952369519588035,0.03565633196497785
4.522394915001403,3.4314802784570784,3.9724316721964086,0.026401018231079168
3.066430706954822,4.478378160427377,1.1155342321319108,0.048844945132806086
2.3050672137005765,1.9773037566015368,2.5519494780530487,0.036351996328520944
4.539372941402673,2.413676489153171,1.9519516559577441,0.07667219262420691
4.309103821784562,2.465207550615202,4.185123360383017,0.03323650437479294
3.6291450693727594,4.146947239988156,4.193749402547935,0.01660594056102256
1.5927042668958498,1.6597115763708359,1.1967625175060408,0.06380940245536879
1.5666832833341608,4.139243388007362,1.1770362808068369,0.02558942528021771
4.366894323118541,1.404271918395037,3.6186798422489663,0.06838509362872912
3.077906537051001,2.3456946085800965,1.6136630197511597,0.06470848738342187
3.102847188646828,2.0226959154532103,2.5949364195613707,0.04704280451161403
4.890764803970389,1.5641743583638918,2.637322885129972,0.09434490437489547
1.322736221992538,1.92423906530072,4.980902085881208,0.010982377068012382
3.06992208209942,3.6377582767037304,3.1894129836386,0.02105585559099933
2.5736036521343912,3.8753807807987504,4.252491666278158,0.012427218886802257
4.2449880852745485,4.565310899696157,3.5824519677151203,0.02065455662852932
2.1641853386980747,1.2259775310020884,3.0386892941263595,0.04622913634906309
1.365388968195668,3.66318549750924,2.086290478823888,0.0142171595856664
3.9797025288023233,3.794969359413868,2.7801239177122383,0.03001707146666118
2.8054856029878965,3.4938401074266903,2.8686631615647062,0.022274891535016512
4.109697355118167,4.207622422881114,2.2423767652346984,0.03466208087687263
4.052846365120881,4.9542615578877935,2.2409482095962363,0.029049557805550755
1.3765770183429795,2.5773769151409764,1.5587463468371414,0.027266994328417324
2.7767276532877148,3.023317681865453,1.2179227247475146,0.06000948552440034
1.1032067275317954,2.820108473269272,1.0067911894530472,0.03092016606744826
2.575161439556503,4.942375335717314,3.8372553907025404,0.010805333310305809
2.8577664752047527,3.5270186159806363,4.498580905105625,0.014332883990318181
4.972530778382347,2.3073649439605983,4.887774937721608,0.03508650627569364
4.72878825754313,4.631673929747258,3.186970967193313,0.02549317453559905
1.450223275644281,4.8255843074312095,1.1522791754150306,0.02075474426179157
2.3587072899332795,1.8835248621266516,1.9587016218924969,0.05087735733566847
2.692123749676652,3.158240195733078,3.50669907147329,0.019343786953794854
3.3465852461360215,1.922462329248971,4.792585283518354,0.028904425357355563
4.70639244391909,3.5311118878566545,1.58927733324857,0.06673706540661101
2.1117480536126667,1.0159986196934527,3.1899788181110416,0.051850305708412266
4.486541651493651,4.986475813979238,4.280693668959092,0.01672607241217734
2.2911287980470894,4.755660416091853,1.3755641731530963,0.027870704610295928
4.270657435531266,2.4820273753992366,1.8394486962339316,0.07443730237206997
2.292867220895193,4.020059606563777,3.876496293005233,0.01170838989077187
3.42215878483749,2.941726720080168,3.3513232541609925,0.02762305112391124
2.375808209231866,4.25754208189635,2.3853699173700305,0.018616019595456827
4.7869264755842975,2.8617228316411887,4.147439136447422,0.032095142116479784
2.667866193308649,3.4256265416746587,1.0057004368592342,0.061623381520814875
1.7855049725807075,1.101346012239905,3.167527311386608,0.0407293095743663
1.5745630296552733,4.866032044497884,4.090139052016356,0.006295600317046348
1.0747068129535262,1.499869552327972,2.188904400902282,0.026049527763566838
3.9225060067260085,2.1507675026390096,2.38384291555734,0.06088112282738365
4.1305324674179085,2.273932056140868,1.6933333937780146,0.08536428735494779
3.2511239468515885,1.9952744332265142,2.4795843418508468,0.05229282931779111
4.395901514755184,4.376830353685754,1.0707843178927992,0.07464081523598831
1.768094102583628,3.260084836189132,2.570959001341378,0.016786936930148613
3.3132103024025934,3.5081004082525684,3.857072509395592,0.019485399782412552
4.841055296962001,4.132111499631106,2.8181731317403966,0.03308190250767833
2.5221628582188496,1.412913933284615,3.544485378887593,0.04007692250362893
1.1493106955753392,2.545035112030672,2.561480659191587,0.014029517169227613
2.9607496377047475,4.561571559618917,3.219232100247674,0.016044457565485015
4.869432782301613,4.1150766890581485,4.40854809933552,0.02135969241668754
2.4021509885000114,1.9657633433898931,1.9781907249010384,0.049157642196825786
1.6654168750028226,3.6875948942257732,2.036004550859328,0.017651887359986716
