epsilon,p_d,theta,r,Volt
2.33,1.21,1.73,2.4699999999999998,-0.0010738475215587222
1.9100000000000001,2.4699999999999998,2.01,1.83,-0.013066643829753869
1.99,2.27,2.25,1.75,-0.018619435741165147
1.69,2.09,2.67,2.67,-0.012297866213250398
1.6099999999999999,1.5899999999999999,2.6100000000000003,1.4100000000000001,-0.034074606288449494
2.63,2.21,1.9300000000000002,2.23,-0.004726916150315859
1.37,1.37,2.35,2.99,-0.0062549781179083936
2.37,1.67,2.99,1.77,-0.017693036856799398
2.35,1.01,1.95,2.51,-0.0020096023548055414
2.45,2.55,2.0300000000000002,1.21,-0.025074193091276505
2.73,1.25,1.35,1.81,0.0024357781362196016
1.17,1.53,1.4100000000000001,2.89,0.001994816937346461
1.43,2.6500000000000004,1.05,1.07,0.06408959383271748
2.31,2.75,1.47,1.51,0.004180863744169885
1.83,2.23,1.13,2.55,0.006362756187305544
2.6100000000000003,2.0300000000000002,1.3900000000000001,2.5300000000000002,0.001738704015590804
1.3900000000000001,1.75,2.23,2.63,-0.008871543038497522
1.85,2.63,2.29,1.05,-0.06759892259905974
1.8900000000000001,2.51,1.97,1.5899999999999999,-0.016248202008803142
2.39,2.83,2.5700000000000003,1.15,-0.059923873593596994
1.35,2.69,2.59,1.9100000000000001,-0.03701893851057002
2.15,2.9699999999999998,1.11,2.87,0.00593435983973371
2.41,2.99,2.51,1.37,-0.04245453951382477
1.53,1.97,1.6099999999999999,2.29,-0.0007657896188942874
1.07,1.09,1.81,2.95,-0.0022070244018206533
2.49,2.31,2.75,1.11,-0.05538228648836102
2.69,2.0700000000000003,2.71,2.41,-0.009576432438701179
1.25,2.01,1.49,2.79,0.0013267429003700625
1.15,2.77,2.19,1.87,-0.03181313184840807
2.51,1.11,1.21,2.77,0.0016191177322964843
2.5700000000000003,1.55,2.85,2.49,-0.007414110635805104
2.79,2.35,2.37,2.73,-0.006446546774425058
2.83,1.3900000000000001,2.4299999999999997,2.09,-0.006776523406607601
2.81,2.73,1.71,2.0700000000000003,-0.0025035309133422333
2.85,2.17,1.69,2.01,-0.0017835016954395617
2.9699999999999998,1.23,1.01,2.25,0.003462355681824815
1.73,1.83,1.5899999999999999,1.73,-0.0005400830276098741
2.75,1.4100000000000001,2.1100000000000003,2.1100000000000003,-0.004705569380042538
2.95,1.9300000000000002,2.49,2.35,-0.007495865778620356
1.63,1.77,2.77,1.13,-0.06305483913580646
1.19,1.71,1.37,2.05,0.005427064660546987
2.77,2.25,1.9100000000000001,1.57,-0.008725567696332183
2.6500000000000004,1.33,1.25,2.45,0.0020980629082123295
2.05,1.13,1.43,1.69,0.002155245783655248
2.99,2.87,2.39,1.9300000000000002,-0.014981913229890238
1.95,2.95,1.65,1.27,-0.00590556230749787
2.25,2.6100000000000003,2.21,1.19,-0.03888712179596467
2.4299999999999997,1.49,1.33,1.31,0.006780665419509898
2.4699999999999998,2.37,2.69,1.17,-0.05018722819382843
1.09,2.4299999999999997,2.0700000000000003,1.25,-0.054354736445636924
2.01,2.29,2.95,2.5700000000000003,-0.013475443882938205
1.97,2.79,1.51,1.01,0.006712667472385776
1.21,2.19,1.19,1.23,0.0353821590913117
2.1100000000000003,2.91,2.09,1.65,-0.02000229541070753
1.75,2.05,1.83,2.0300000000000002,-0.005798036727497524
2.21,2.85,1.07,2.71,0.006708999559286022
1.27,1.51,2.6500000000000004,1.63,-0.03139431158239792
1.9300000000000002,1.45,1.27,1.33,0.01001385186997261
1.03,2.5700000000000003,1.23,2.83,0.008286452265418931
2.19,2.5300000000000002,2.05,2.19,-0.00883787211584003
2.71,2.89,2.83,1.03,-0.07613969979153307
1.57,1.47,2.45,1.71,-0.019626223253633557
2.67,1.6099999999999999,1.31,2.31,0.002318718256158425
1.79,1.95,2.41,1.09,-0.05429460255664208
2.27,1.43,2.33,1.97,-0.008891466734453981
1.5899999999999999,1.79,1.67,1.47,-0.004106071904162757
2.17,1.03,2.87,2.15,-0.007871771754886892
1.71,2.71,2.4699999999999998,2.39,-0.017283667155169744
1.05,1.05,2.15,1.79,-0.013594250819329176
1.67,1.27,2.81,2.59,-0.008530036694009487
2.5300000000000002,2.13,1.57,2.85,6.568266742127467e-06
2.91,1.85,1.99,1.8900000000000001,-0.005764678725682415
1.87,1.8900000000000001,1.87,1.45,-0.011275658748298983
1.55,1.69,1.15,2.75,0.004686606205874305
2.87,2.15,1.8900000000000001,1.55,-0.007786653615771707
1.51,1.65,2.73,1.43,-0.03897178794938256
2.89,1.15,2.5300000000000002,1.53,-0.011075170371040053
2.29,2.33,1.63,2.6500000000000004,-0.000682203187225622
1.77,1.35,1.55,2.13,0.00027819335983973276
2.0700000000000003,2.45,1.17,1.95,0.009663849064945489
2.23,2.59,1.09,2.17,0.009077443729863442
1.11,2.49,1.75,1.35,-0.01745898112920125
2.13,1.19,1.45,2.9699999999999998,0.0006073536183639199
2.9299999999999997,1.57,2.9299999999999997,2.27,-0.008090493883020886
1.01,1.87,1.77,2.91,-0.0034430682991694835
2.55,2.9299999999999997,1.79,1.49,-0.008955901030911062
1.81,2.41,2.89,2.21,-0.021011225223706992
1.65,2.81,2.91,2.4299999999999997,-0.022338171041563545
1.23,2.1100000000000003,2.9699999999999998,2.37,-0.023946688860114525
1.33,1.31,2.31,1.29,-0.031731944243371335
1.47,1.81,2.63,1.67,-0.030635003692746614
1.4100000000000001,1.73,2.17,2.6100000000000003,-0.008083579419948505
1.49,2.39,2.27,2.69,-0.011353216632074035
1.13,1.9100000000000001,1.29,2.9299999999999997,0.004341892440878501
2.0300000000000002,1.07,2.79,1.99,-0.009943895595992498
1.31,1.17,1.53,1.6099999999999999,0.0011182876696537055
2.59,1.63,2.13,1.3900000000000001,-0.01375127747758861
1.29,2.67,1.85,1.85,-0.013262703906953879
2.09,1.99,2.55,2.81,-0.007965084546781612
1.45,1.29,1.03,2.33,0.006713584165855584
