alpha,n,d,k
4.445658672215888,1.2231733882343143,4.60242667289379,4.961820876689654
4.606329888492403,4.2023637777814455,1.6509413007233338,4.171666953490768
4.763491810364198,2.3970688138010305,4.068163530711043,3.0692084648431672
2.7015183740954063,3.8502929375857113,3.3874846823487967,1.3014176166268927
4.543101877140733,4.941975801887537,1.0043443613689336,5.7510756967543575
2.0775165050997084,2.4685570614018366,3.6671072399679314,1.44197446589407
4.487799705477767,2.0161128498295784,4.494946378269468,3.111529918163308
4.917123942675478,3.753905381456743,3.9943270723651008,2.0604594786197548
4.198203276619848,1.57704838635627,1.0399105034418934,16.084306801075808
1.1197930919090555,2.9965100326149448,3.0498974343168697,0.7698687326850681
1.056672166641686,4.488281784203326,1.2880122809105412,1.1484709577853325
3.6317516594463775,1.1337929063774754,4.160930275431227,4.836952673601049
2.7114841069172,3.7957925891605537,1.5506874816717129,2.894410846987186
2.0025831491789696,1.1392380965337459,4.131468659533237,2.6733231773395403
1.178259674885632,1.564211644896205,3.1970174644118976,1.4804043735469508
3.1465537752466357,4.687174612941789,2.1762463483840984,1.9381877240333272
1.1572991111595696,4.36570921913603,2.7374099123995257,0.6084583375611563
4.256284080274924,1.5805285655005994,4.879488989313642,3.4676382377647377
4.9012508809281,2.162222678644397,1.6648525416567046,8.55481476036025
1.52780752851287,2.8592479487644424,3.7858507956394263,0.8868153503364024
2.314160425374071,3.4111480743647458,1.565397942739169,2.723002248491085
2.169368506564636,2.599933851323075,3.6620153510524784,1.4316298345198466
2.509503231107497,2.687932866460787,2.125935045956344,2.7593018912332647
4.875241033250682,3.7392671675508713,3.0560878494492068,2.6805482572325743
4.128546652902706,3.882522978209303,2.7103246860397263,2.4651406851199527
4.773607799006653,4.5781249316121935,2.8107115243648417,2.3308948831950214
3.256315499518318,3.6445283048988713,4.724139545803093,1.1883443333225119
2.863017944590714,4.210563823197926,3.2024569840636765,1.3340754085898514
3.7207428910164126,3.8324889335669763,4.958341120323205,1.2302467255644904
1.2234484531554042,1.2219664042013871,3.2289838858445346,1.948230782202656
2.2471063942521994,3.5953226749659075,3.965347361192797,0.9903401649697192
2.849669987401261,1.0188827726446137,1.0005368406138135,17.563745407588698
3.2481093749181134,3.3526595923808267,4.738975104373473,1.2845074455800074
2.382688271229212,1.9752131779653117,2.7006703508621706,2.8064773683489714
1.5300963958959808,2.9998767841050946,3.8146201479824717,0.8401250712101098
1.811697663623537,1.7076213473633102,2.2116929279215203,3.0140412239065375
2.5883748059443943,2.1600829052704666,1.391392614444221,5.411116927214008
2.3632689401472793,2.1070370043268603,1.441069321262356,4.8903053812843895
1.0948046035992272,4.783297749895095,1.1603841218996398,1.2393309347127393
2.369562923456024,4.154350597020814,3.2330109778155154,1.1085053407111394
4.427699569575465,4.886940941342042,4.788440495371906,1.1888493592770428
3.2815225545384563,3.7888055480081193,1.827819930291259,2.9772790180059348
4.490395013722066,4.908042059115621,3.4092228603718757,1.6861676297653159
4.873981136197419,3.072028827668726,3.302345801143924,3.0186716610595505
1.3675772325555684,3.5623073112634147,1.0255879692788563,2.3519464562057433
4.167149694655547,4.814369256984161,1.9289523872854184,2.8194088907894397
2.9424090645845613,4.898883021381749,4.24097706738456,0.8898563929790226
3.733582922007269,2.3348934682729543,3.401904994128813,2.9533602047901084
2.4429158011243968,1.6873541873739493,2.1863349933058163,4.160690463438899
2.5272413051879967,3.1729410632423867,4.5253749693126695,1.1058850926759405
1.4465083807218218,3.6282183345585532,2.716089102705168,0.9222812846465708
3.7737984356287004,2.2282293901842047,3.8492829589558815,2.764514251768232
3.7052511708616223,4.398845002137344,1.4693928257304851,3.6018112234654294
4.401181428472915,2.80974864302339,1.7597119902163365,5.592938923228488
3.669864938123867,4.780112338960421,4.386675464904492,1.09965471512875
2.051307219023461,4.705558354636963,1.3472467818752747,2.0330696552934606
3.033061026849817,4.674052290211631,2.3106169286313234,1.7645724706766868
2.7368678592773388,1.1419506100486996,2.720766264753569,5.534713474130708
4.714310255416537,4.750138268486769,2.7422157215247083,2.2739984338776367
3.1351738033634335,1.6519097365187363,1.9813223084513472,6.018663288559643
4.42437763397772,1.7527257004421126,3.6979488928518935,4.289011364856068
1.3070541185667617,1.1183458315256805,1.906319752595364,3.852135605546022
1.8012112269728529,1.6621565371349734,2.26219362393648,3.0098358978845163
2.512926800041234,2.5152923125624707,1.332453376304188,4.711066355143858
3.1542528638834937,3.467882196452773,2.582527734704393,2.2129267776076587
1.8450136887852195,3.1503819042456467,3.0377354422372016,1.2113406976835042
2.95565715999176,4.9466340245513845,1.1320503023357928,3.316335193951079
2.6095582414958565,2.506152914313761,3.085886407846055,2.1201147169642542
2.1614114539268794,4.0626466208411,2.3799450770715502,1.4045633572783358
2.9311728149018603,2.3725676278476646,4.49898506124688,1.7253934338902568
3.823532732896068,4.1902327175933936,1.983475501371456,2.890544745413362
2.8493197000743664,2.079980456419368,4.2223167381259445,2.038501267924064
4.381558567284937,2.6849257987677224,1.214350137292429,8.44368990326516
2.9371937413408435,3.2799202998822983,1.1149962883616986,5.046331192923235
2.446321601169496,2.6013497586713044,4.2063784204307035,1.4047088855207868
1.169087351793224,4.251803712153301,2.177253448225454,0.7934958075833904
4.781177400706593,2.5178460625335064,3.716675506630705,3.2101912476763554
2.941474049312859,1.0769054882553974,3.507295225499449,4.893222626986303
3.85508726935364,4.329213416825388,1.3546152417566255,4.130371625832538
3.7024486222776822,3.663721214720733,2.7344472968448077,2.3220786875680246
3.746348822642217,2.1969228624036643,1.7990790384646678,5.955565817101278
2.6547751221838416,4.084804530579957,3.1345753315025373,1.3027396065287
4.995861198109392,4.7353662843718025,4.47610839547812,1.480935211767706
4.083171932233755,4.327827082407218,4.472846966215436,1.3253286793415973
2.195296095399183,1.2851202406825708,4.383414588673632,2.4485933226046424
3.3554166805864702,4.2143996516963735,4.700113725061792,1.0643445576252533
2.1617075346325434,4.271202320324977,1.5426997686601114,2.0613191904709933
4.87430901655703,1.6025759421835422,4.723327111124725,4.0460037857093845
4.9048283011671066,2.6114869563768632,2.7065639067135656,4.360110846185177
4.461132852830861,2.429609612483989,2.9311766213668653,3.935922512930016
1.7145947766798215,2.9751562000091667,1.7226070587146114,2.102061269854343
4.585045786398947,2.895319110151497,2.5301325476866223,3.932636764924818
2.596682738509298,3.603631818756878,2.014711455608436,2.247219478374244
1.028555214673057,4.961187951094235,4.069353577383774,0.3201078850475499
1.89257413136783,1.5087247879275694,3.6946510185243127,2.133287159316508
3.195027106832056,3.081468910469177,2.0430202702184963,3.188775535657451
3.6677109072771135,3.4918566661805897,1.4745043513345082,4.475818821079627
4.586201375188325,3.4723361944747726,2.9686230961912115,2.7954785183305013
2.2454275296780617,2.532310753671724,4.8519395110755505,1.1482766513757747
3.4300576143934984,3.9380547402891546,3.4574434635881666,1.5828670818477375
