I_0,q,Volt,kb,T,I
4.866041073786547,1.9168866227127144,1.6172189717831913,1.2003352210153715,1.9282556930509869,13.705735162578586
4.037778954757695,1.517441803662937,1.1267641263328758,1.712595161889357,1.134469577802904,5.6971934097331225
3.189253329192754,1.6694282036641683,1.1773113352429996,1.005744136414124,1.9867916569185116,5.339033001457548
3.0489826488619363,1.870447285914311,1.5114592190431289,1.5828386361976048,1.1544415325457211,11.27537161182556
4.3712034369786545,1.4497960301022903,1.97905832815337,1.1993068449413395,1.3534394991707943,21.23126105101602
1.8111880668714504,1.8776844145500409,1.7489347209346389,1.6646723570054345,1.8881440323938217,3.3377009859745717
2.592673349576995,1.7037857136418209,1.0996119183711786,1.4153961405338045,1.3292752478380998,4.425234434266284
3.6557252834645935,1.7332692746845588,1.0852976805578656,1.5457749305299824,1.3289480123819457,5.478334068183587
4.660856237001858,1.8263918505919232,1.918238039161032,1.2022490892070172,1.7961113162816498,18.948417252412337
2.2812691707188346,1.0445265231773924,1.978861798562086,1.5071714250425567,1.1064591429455568,5.59775818751146
4.581124560680153,1.8396003742208404,1.2695798097621909,1.1332891378035308,1.291526372536714,18.010998771774503
3.317383493671094,1.0646708206074167,1.2332209684398363,1.8166138095438549,1.5547068705745866,1.9633284603129824
4.052597309123845,1.3921554641116536,1.4108467784769796,1.3825931350448408,1.8807311596686935,4.57274733636402
1.907904902548725,1.0090160005051998,1.6223866818072952,1.8140962592158332,1.881666317100184,1.1740772533107822
2.386244894740865,1.9966136494888704,1.6125085539940398,1.3664123966074286,1.2987416117296562,12.256536674180095
2.2304734990816257,1.924495452648434,1.9068803287819158,1.313006223862792,1.7611793894847139,8.674166596471224
3.932340268532226,1.6830714332523833,1.687994810273521,1.82482323834292,1.416686426668721,7.868700634125692
4.049712741054568,1.4302100554226471,1.4727418232368057,1.4536754299811319,1.4040988375143888,7.3160125815782475
3.0924695545675704,1.6149431721677865,1.9530182680127792,1.2622719543477872,1.2186260433785274,20.93931683831353
4.9841672897039615,1.4393663154754417,1.4540835559626202,1.4193739675981862,1.5140528553493016,8.215416761672943
3.911697349025885,1.6713359653355102,1.6757157758746482,1.8377570954103877,1.2836498780800794,8.910611348662211
4.390528375882618,1.043991194204978,1.6620894502780923,1.1583652251358338,1.5209848657281646,7.365003449198147
2.0185475620074302,1.109501167809535,1.0330919594043286,1.5739969042136726,1.0197597670218408,2.104068925712546
3.1774457601201864,1.8636864164252824,1.7086117778697243,1.0660623046442341,1.1041422682289088,44.35132236694171
3.625852127544415,1.1400373189118322,1.0217555558702751,1.719547807895195,1.2757633089219569,2.5402917989255487
1.8066018921951932,1.6891347829746617,1.391965351901927,1.352768043210249,1.9307922222339584,2.6377630535756174
3.194018316053642,1.9825315401149104,1.2109342139998822,1.2487921917435638,1.5387641109518984,7.9467747027829265
1.8697278787522624,1.942427717417014,1.0258931326673335,1.2915807779806228,1.4145581533081122,3.695239567825842
4.730736924780252,1.5159409719243002,1.0829664718313543,1.0376148940847394,1.1121406038389976,14.893039806385676
1.33539616114714,1.1101279218054838,1.5521777977113649,1.0148626502355074,1.822163377328739,2.0552550418015336
1.3036847398860358,1.4551269949146175,1.4336204920806923,1.1683690587595559,1.0641469181306509,5.6762944285482195
1.0499380603514843,1.1604634095031157,1.4977950565318428,1.5928336247156218,1.0106980025918266,2.040780560882572
4.359900677002519,1.8391409563641632,1.9819744897050533,1.979589929870961,1.966250585246544,6.762156695483477
4.264942655168451,1.8705125305383352,1.6482310199868315,1.9042298367302652,1.3113356748584817,10.394479673445497
4.721249267679208,1.6204337151754036,1.4806812798969209,1.8977328528445847,1.2845098624064817,7.912316728703258
2.7546743863330514,1.6018600505883331,1.530272683659395,1.1524253124780168,1.4451049755415533,9.248955497528948
4.047039932386103,1.8855897105046504,1.5232222346071498,1.083812121978566,1.415673408561705,22.262511782537874
3.970304564330675,1.2127541794197771,1.8703464124449976,1.6949918964591029,1.6769920634895101,4.848007788318573
2.0713860097694976,1.0352128992085905,1.6216672551004412,1.2034028360764135,1.3790469493827646,3.62482106614166
2.6002708119565776,1.0420708595937649,1.5722865269789073,1.4661948906054751,1.5055997678335842,2.8617953702121772
2.4216859588401665,1.0342808316861474,1.6826358730131603,1.4860218699788992,1.0913548037844176,4.660320054780732
2.05023634612814,1.9253898008571868,1.9992341818176358,1.0602241389991964,1.1322373516140212,48.5812002930334
1.1552100035054855,1.637365641605319,1.6040357744468454,1.6503370080072035,1.1964854423237463,3.2130640367756187
3.272588505370493,1.2061592234252037,1.566873628089316,1.6778246407474031,1.4687074474345994,3.7737848560054617
4.512505022131455,1.467916748938944,1.1679658684515994,1.9819821339464199,1.9323926698229144,2.5478846401817288
4.493881883403631,1.0045422009601572,1.8318026235821856,1.243746961306079,1.5384934787351332,7.2622106159780255
3.4956435794245158,1.6455761292068907,1.8198837524702527,1.5966987733464386,1.0814908114636377,16.30637468931582
4.830905363431978,1.6683095901412472,1.3067764442478909,1.7127691777230962,1.3182320337011393,7.856523279922664
2.4902620082593145,1.0345526643671343,1.1386023921150257,1.3345058981440359,1.4592270366116282,2.0695654704596618
1.7327031735584577,1.9884997215946472,1.7486303607603728,1.1042184738189715,1.959246542488552,6.91175097590626
3.830221732429458,1.5052388297934605,1.3089775704290534,1.4823144960079029,1.4695177616159747,5.6333658071459904
2.027587892125481,1.7106642318530414,1.7383033479408336,1.2547902333576744,1.7502261830406267,5.825185114845071
2.426271467590273,1.0285436168376376,1.0534854660572646,1.4779188891930333,1.2427191819013692,1.9505493585544769
2.0030206823552423,1.1157243897786941,1.1260584298489094,1.7436282549547888,1.8586530747917904,0.9485263208122792
4.4701711411106215,1.31483756587771,1.6804532547851472,1.8750306100327991,1.1636431212318774,7.836018437876476
3.1788792682624707,1.357599904328207,1.9336149442517208,1.1724271731690157,1.4360445103934771,11.935992180411056
2.7415213470571733,1.580778856450264,1.4462850152351443,1.4044188189065694,1.2495735981002585,7.345800047744838
1.7567742385663947,1.697718895362839,1.789175395850212,1.904342838343282,1.8935450519450048,2.322176019478342
4.180222607347559,1.6769966732164792,1.038873131022131,1.7385969858070522,1.5743436260270096,3.7197663059825694
2.0159280783853,1.1180103398758603,1.694667980597916,1.1601784943727858,1.0077759442303675,8.175552162753473
2.6230461628796644,1.2780561931873662,1.3672269255394416,1.1620995927752205,1.3372928254048462,5.451655436424649
3.4845418393790206,1.660724205807646,1.5476854791442742,1.6094173431952914,1.1204847730013292,11.008001723530283
3.1564515301847487,1.4783729108117891,1.9088217410589152,1.8612975648558268,1.7969254877265726,4.182371374301295
1.2047666738180367,1.6563825971265091,1.572307779917718,1.0635887821042034,1.6057448565657901,4.330883283032152
1.8666941291060204,1.0891342453286903,1.0692842523493105,1.7207153321384288,1.2340902606763302,1.3636729347525205
3.8776727513171023,1.4429962395644935,1.1409013458550956,1.0072199009753604,1.8473929331305952,5.5156941983468295
2.5556438441996168,1.764847042546325,1.1952863759185288,1.376196978897238,1.870420102532785,3.244157477389004
1.1295284017760556,1.0882339008441089,1.1501265293592682,1.5784395387952392,1.364846490126547,0.8898170432104952
4.569216112861524,1.2908070535968101,1.1737608086617315,1.3057920875378657,1.923118735632759,3.7842773731342754
1.7730847484871017,1.0761895545495843,1.328791252756375,1.9703919966101548,1.3718804855608846,1.2363321596975163
4.010857345426839,1.2209556145387714,1.4005342437309682,1.212704149610457,1.4138858212147245,6.862350570152838
2.7844237944786445,1.5013754200192433,1.0863575766819875,1.3636615173574371,1.7044274068709009,2.8324890924354227
3.669335691341957,1.0408381346818174,1.6174611397484004,1.230331783970511,1.6974567984916409,4.5469966167363465
1.7008907702675296,1.8411991042696816,1.6123296178623032,1.5546822171022678,1.4888319714232212,4.432092625619949
4.156776635395245,1.3579462185941913,1.3985026753425926,1.0732073662311037,1.6888375471956998,7.695620909835116
3.2512997773444194,1.4619432134818444,1.4676403468606651,1.586520229679263,1.9336756632215544,3.2920369262361624
2.9017327296601234,1.4964809748775751,1.6643482240511729,1.6075073908195108,1.6101143533648783,4.694082292256917
1.7995036350355105,1.2992337339129798,1.112820341180418,1.1260139232298385,1.7572629930455128,1.9371804419646452
3.162785550816606,1.3716988483073576,1.7154109999217042,1.2941640572675626,1.5448531688826508,7.09854558787517
3.3048526844937687,1.925792588626337,1.5970933852461031,1.4019823913416447,1.3869971959474934,12.767218095789044
3.46980425697918,1.6513498670445994,1.6156371101822211,1.7380423030737746,1.6539774146198478,5.307719980089238
4.5607917099206645,1.5267284303666449,1.9729464387116995,1.105614679491198,1.4601505259909393,24.90829061922162
3.727757315066044,1.0809849641111344,1.6058320621939464,1.4373574104305131,1.8831565601707951,3.3511363459222907
4.0176661362399235,1.6082919588870817,1.4486410365947706,1.0513614852114153,1.453513601426728,14.436612345017517
3.4519585608240213,1.6123167271493402,1.4273409157563548,1.8622822203579237,1.9223822751856328,3.113135704532265
2.2415043063401043,1.9334915046961632,1.3163664642410762,1.4170326765436063,1.5040902407231669,5.1572740810822575
4.979550048884606,1.9188395607685,1.1617880371304283,1.0547726992365702,1.6637594243209937,12.757725122521439
1.6618272968935917,1.8364981275885517,1.066259360169128,1.5306222535192782,1.9308842992685116,1.5617240855699914
4.712956805558501,1.7769857624021266,1.8768058417783144,1.9771140794839068,1.7592850284226205,7.581293199201786
2.070599192665689,1.9951856885620427,1.0049268442409889,1.7616093468975025,1.0911261114194395,3.805866377617473
2.594765861091048,1.0559419262968546,1.7305098620308197,1.3117966659556293,1.4647455583257576,4.121329771034518
3.2443667679460324,1.5657917797143823,1.5905669480144544,1.1767571133513113,1.873847710674984,6.793499225224697
1.6449449211401468,1.3728884941387562,1.906905844581712,1.0889198077441709,1.8411858883775003,4.425851541274788
4.038592460036396,1.3255491424586376,1.875849671069988,1.5829122188024884,1.8359759783822167,5.463336033328908
2.3097591655159704,1.909835437540104,1.2232976576816548,1.4874611036965988,1.8333398660263511,3.130705194286409
4.070565220925771,1.04590158449309,1.3659183635194243,1.003243427671246,1.7556599082003232,5.089666688972164
2.5822475721984968,1.0724683645450872,1.4706601304774367,1.6524531746212008,1.5966871408823322,2.112522012649752
3.7885752254846263,1.9700767595072013,1.2776929629056728,1.6646311763107635,1.5373709837618432,6.342195466201128
4.285201275585436,1.8252974000087825,1.597292206425934,1.2997456412564086,1.6508448312725887,12.390635676766797
3.9752398640559465,1.3075410196933437,1.6259448665983192,1.068651737769527,1.7303480080942328,8.575799685227691
